kinematics:
  shoulder:
    x: 0
    y: 0
    z: 0.16252010326760341
    roll: -0
    pitch: 0
    yaw: -3.4673004072061087e-08
  upper_arm:
    x: 3.4735169451459678e-05
    y: 0
    z: 0
    roll: 1.5699210255077052
    pitch: 0
    yaw: -9.5385188814134381e-07
  forearm:
    x: -0.42527685869993254
    y: 0
    z: 0
    roll: 3.140400859600569
    pitch: 3.1400895860867286
    yaw: -3.1415890149949699
  wrist_1:
    x: -0.39250963596495131
    y: -0.00029232906255208891
    z: 0.13286449913680354
    roll: 0.0022002009019774344
    pitch: -0.0027826699767868552
    yaw: -1.3745471101897637e-06
  wrist_2:
    x: 9.1233416144434042e-05
    y: -0.099600319382737945
    z: 2.7208809745960477e-05
    roll: 1.5705231468569432
    pitch: 0
    yaw: 9.417534380835867e-07
  wrist_3:
    x: 0.00019369846149565461
    y: 0.099479175320146829
    z: 0.00015928563810978588
    roll: 1.5723975212305197
    pitch: 3.1415926535897931
    yaw: 3.1415925616706204
  hash: calib_370081426515228476