{
  "type": "success",
  "cmd": "infer_lowlevel",
  "command_version": "cgn_zmq_infer_lowlevel_v1",
  "evidence_level": "proven",
  "input_source": "/mnt/ssd/ziyaochen/torc_franka_lift3d_pipeline_v2/phase4_artifacts/cgn_lowlevel/obj_000079_0.input.npz",
  "input_point_cloud_frame": "fresh_capture_mujoco_world",
  "output_frame": "fresh_capture_mujoco_world",
  "units": {
    "translation": "meters",
    "directions": "unitless_normalized"
  },
  "checkpoint_dir": "/home/ziyaochen/gc6d_lift3d_traj/ros_workspace/src/contact_graspnet_ros/checkpoints/scene_test_2048_bs3_hor_sigma_001",
  "model_status": {
    "type": "success",
    "model_loaded": true,
    "load_elapsed_sec": 17.076117992401123,
    "load_error": null,
    "checkpoint_dir": "/home/ziyaochen/gc6d_lift3d_traj/ros_workspace/src/contact_graspnet_ros/checkpoints/scene_test_2048_bs3_hor_sigma_001",
    "contact_root": "/home/ziyaochen/gc6d_lift3d_franka_7d_generation/third_party/contact_graspnet",
    "cuda_visible_devices": "1",
    "pid": 4020616
  },
  "num_candidates": 70,
  "contact_point_world": [
    [
      0.7371320129223168,
      0.15736700589284303,
      1.1421999948382378
    ],
    [
      0.7371320129223168,
      0.15736700589284303,
      1.1421999948382378
    ],
    [
      0.7371320129223168,
      0.19736699754819276,
      1.122200012049079
    ],
    [
      0.7371320129223168,
      0.19736699754819276,
      1.122200012049079
    ],
    [
      0.6971319928616285,
      0.15736700589284303,
      1.1421999948382378
    ],
    [
      0.6971319928616285,
      0.15736700589284303,
      1.1421999948382378
    ],
    [
      0.717131971925497,
      0.19736699754819276,
      1.122200012049079
    ],
    [
      0.717131971925497,
      0.19736699754819276,
      1.122200012049079
    ],
    [
      0.6971319928616285,
      0.15736700589284303,
      1.122200012049079
    ],
    [
      0.6971319928616285,
      0.15736700589284303,
      1.122200012049079
    ],
    [
      0.717131971925497,
      0.15736700589284303,
      1.1421999948382378
    ],
    [
      0.717131971925497,
      0.15736700589284303,
      1.1421999948382378
    ],
    [
      0.6971319928616285,
      0.19736699754819276,
      1.122200012049079
    ],
    [
      0.6971319928616285,
      0.19736699754819276,
      1.122200012049079
    ],
    [
      0.7371320129223168,
      0.15736700589284303,
      1.1421999948382378
    ],
    [
      0.7371320129223168,
      0.15736700589284303,
      1.1421999948382378
    ],
    [
      0.7371320129223168,
      0.19736699754819276,
      1.122200012049079
    ],
    [
      0.7371320129223168,
      0.19736699754819276,
      1.122200012049079
    ],
    [
      0.6971319928616285,
      0.15736700589284303,
      1.1421999948382378
    ],
    [
      0.6971319928616285,
      0.15736700589284303,
      1.1421999948382378
    ],
    [
      0.717131971925497,
      0.19736699754819276,
      1.122200012049079
    ],
    [
      0.717131971925497,
      0.19736699754819276,
      1.122200012049079
    ],
    [
      0.6971319928616285,
      0.15736700589284303,
      1.122200012049079
    ],
    [
      0.6971319928616285,
      0.15736700589284303,
      1.122200012049079
    ],
    [
      0.717131971925497,
      0.15736700589284303,
      1.1421999948382378
    ],
    [
      0.717131971925497,
      0.15736700589284303,
      1.1421999948382378
    ],
    [
      0.6971319928616285,
      0.19736699754819276,
      1.122200012049079
    ],
    [
      0.6971319928616285,
      0.19736699754819276,
      1.122200012049079
    ],
    [
      0.7371320129223168,
      0.15736700589284303,
      1.1421999948382378
    ],
    [
      0.7371320129223168,
      0.15736700589284303,
      1.1421999948382378
    ],
    [
      0.7371320129223168,
      0.19736699754819276,
      1.122200012049079
    ],
    [
      0.7371320129223168,
      0.19736699754819276,
      1.122200012049079
    ],
    [
      0.6971319928616285,
      0.15736700589284303,
      1.1421999948382378
    ],
    [
      0.6971319928616285,
      0.15736700589284303,
      1.1421999948382378
    ],
    [
      0.717131971925497,
      0.19736699754819276,
      1.122200012049079
    ],
    [
      0.717131971925497,
      0.19736699754819276,
      1.122200012049079
    ],
    [
      0.6971319928616285,
      0.15736700589284303,
      1.122200012049079
    ],
    [
      0.6971319928616285,
      0.15736700589284303,
      1.122200012049079
    ],
    [
      0.717131971925497,
      0.15736700589284303,
      1.1421999948382378
    ],
    [
      0.717131971925497,
      0.15736700589284303,
      1.1421999948382378
    ],
    [
      0.6971319928616285,
      0.19736699754819276,
      1.122200012049079
    ],
    [
      0.6971319928616285,
      0.19736699754819276,
      1.122200012049079
    ],
    [
      0.7371320129223168,
      0.15736700589284303,
      1.1421999948382378
    ],
    [
      0.7371320129223168,
      0.15736700589284303,
      1.1421999948382378
    ],
    [
      0.7371320129223168,
      0.19736699754819276,
      1.122200012049079
    ],
    [
      0.7371320129223168,
      0.19736699754819276,
      1.122200012049079
    ],
    [
      0.6971319928616285,
      0.15736700589284303,
      1.1421999948382378
    ],
    [
      0.6971319928616285,
      0.15736700589284303,
      1.1421999948382378
    ],
    [
      0.717131971925497,
      0.19736699754819276,
      1.122200012049079
    ],
    [
      0.717131971925497,
      0.19736699754819276,
      1.122200012049079
    ],
    [
      0.6971319928616285,
      0.15736700589284303,
      1.122200012049079
    ],
    [
      0.6971319928616285,
      0.15736700589284303,
      1.122200012049079
    ],
    [
      0.717131971925497,
      0.15736700589284303,
      1.1421999948382378
    ],
    [
      0.717131971925497,
      0.15736700589284303,
      1.1421999948382378
    ],
    [
      0.6971319928616285,
      0.19736699754819276,
      1.122200012049079
    ],
    [
      0.6971319928616285,
      0.19736699754819276,
      1.122200012049079
    ],
    [
      0.7371320129223168,
      0.15736700589284303,
      1.1421999948382378
    ],
    [
      0.7371320129223168,
      0.15736700589284303,
      1.1421999948382378
    ],
    [
      0.7371320129223168,
      0.19736699754819276,
      1.122200012049079
    ],
    [
      0.7371320129223168,
      0.19736699754819276,
      1.122200012049079
    ],
    [
      0.6971319928616285,
      0.15736700589284303,
      1.1421999948382378
    ],
    [
      0.6971319928616285,
      0.15736700589284303,
      1.1421999948382378
    ],
    [
      0.717131971925497,
      0.19736699754819276,
      1.122200012049079
    ],
    [
      0.717131971925497,
      0.19736699754819276,
      1.122200012049079
    ],
    [
      0.6971319928616285,
      0.15736700589284303,
      1.122200012049079
    ],
    [
      0.6971319928616285,
      0.15736700589284303,
      1.122200012049079
    ],
    [
      0.717131971925497,
      0.15736700589284303,
      1.1421999948382378
    ],
    [
      0.717131971925497,
      0.15736700589284303,
      1.1421999948382378
    ],
    [
      0.6971319928616285,
      0.19736699754819276,
      1.122200012049079
    ],
    [
      0.6971319928616285,
      0.19736699754819276,
      1.122200012049079
    ]
  ],
  "approach_dir_world": [
    [
      0.07568185031414032,
      -0.11681325733661652,
      -0.9902660846710205
    ],
    [
      0.07568185031414032,
      -0.11681325733661652,
      -0.9902660846710205
    ],
    [
      0.26740163564682007,
      0.060102395713329315,
      -0.9617089629173279
    ],
    [
      0.26740163564682007,
      0.060102395713329315,
      -0.9617089629173279
    ],
    [
      0.14195914566516876,
      -0.0951809287071228,
      -0.9852858781814575
    ],
    [
      0.14195914566516876,
      -0.0951809287071228,
      -0.9852858781814575
    ],
    [
      0.28262779116630554,
      0.05167621001601219,
      -0.9578366875648499
    ],
    [
      0.28262779116630554,
      0.05167621001601219,
      -0.9578366875648499
    ],
    [
      0.20475850999355316,
      -0.10927232354879379,
      -0.9726939797401428
    ],
    [
      0.20475850999355316,
      -0.10927232354879379,
      -0.9726939797401428
    ],
    [
      0.18182644248008728,
      -0.09229731559753418,
      -0.9789894223213196
    ],
    [
      0.18182644248008728,
      -0.09229731559753418,
      -0.9789894223213196
    ],
    [
      0.1878509819507599,
      -0.02105296216905117,
      -0.9819718599319458
    ],
    [
      0.1878509819507599,
      -0.02105296216905117,
      -0.9819718599319458
    ],
    [
      0.07568185031414032,
      -0.11681325733661652,
      -0.9902660846710205
    ],
    [
      0.07568185031414032,
      -0.11681325733661652,
      -0.9902660846710205
    ],
    [
      0.26740163564682007,
      0.060102395713329315,
      -0.9617089629173279
    ],
    [
      0.26740163564682007,
      0.060102395713329315,
      -0.9617089629173279
    ],
    [
      0.14195914566516876,
      -0.0951809287071228,
      -0.9852858781814575
    ],
    [
      0.14195914566516876,
      -0.0951809287071228,
      -0.9852858781814575
    ],
    [
      0.28262779116630554,
      0.05167621001601219,
      -0.9578366875648499
    ],
    [
      0.28262779116630554,
      0.05167621001601219,
      -0.9578366875648499
    ],
    [
      0.20475850999355316,
      -0.10927232354879379,
      -0.9726939797401428
    ],
    [
      0.20475850999355316,
      -0.10927232354879379,
      -0.9726939797401428
    ],
    [
      0.18182644248008728,
      -0.09229731559753418,
      -0.9789894223213196
    ],
    [
      0.18182644248008728,
      -0.09229731559753418,
      -0.9789894223213196
    ],
    [
      0.1878509819507599,
      -0.02105296216905117,
      -0.9819718599319458
    ],
    [
      0.1878509819507599,
      -0.02105296216905117,
      -0.9819718599319458
    ],
    [
      0.07568185031414032,
      -0.11681325733661652,
      -0.9902660846710205
    ],
    [
      0.07568185031414032,
      -0.11681325733661652,
      -0.9902660846710205
    ],
    [
      0.26740163564682007,
      0.060102395713329315,
      -0.9617089629173279
    ],
    [
      0.26740163564682007,
      0.060102395713329315,
      -0.9617089629173279
    ],
    [
      0.14195914566516876,
      -0.0951809287071228,
      -0.9852858781814575
    ],
    [
      0.14195914566516876,
      -0.0951809287071228,
      -0.9852858781814575
    ],
    [
      0.28262779116630554,
      0.05167621001601219,
      -0.9578366875648499
    ],
    [
      0.28262779116630554,
      0.05167621001601219,
      -0.9578366875648499
    ],
    [
      0.20475850999355316,
      -0.10927232354879379,
      -0.9726939797401428
    ],
    [
      0.20475850999355316,
      -0.10927232354879379,
      -0.9726939797401428
    ],
    [
      0.18182644248008728,
      -0.09229731559753418,
      -0.9789894223213196
    ],
    [
      0.18182644248008728,
      -0.09229731559753418,
      -0.9789894223213196
    ],
    [
      0.1878509819507599,
      -0.02105296216905117,
      -0.9819718599319458
    ],
    [
      0.1878509819507599,
      -0.02105296216905117,
      -0.9819718599319458
    ],
    [
      0.07568185031414032,
      -0.11681325733661652,
      -0.9902660846710205
    ],
    [
      0.07568185031414032,
      -0.11681325733661652,
      -0.9902660846710205
    ],
    [
      0.26740163564682007,
      0.060102395713329315,
      -0.9617089629173279
    ],
    [
      0.26740163564682007,
      0.060102395713329315,
      -0.9617089629173279
    ],
    [
      0.14195914566516876,
      -0.0951809287071228,
      -0.9852858781814575
    ],
    [
      0.14195914566516876,
      -0.0951809287071228,
      -0.9852858781814575
    ],
    [
      0.28262779116630554,
      0.05167621001601219,
      -0.9578366875648499
    ],
    [
      0.28262779116630554,
      0.05167621001601219,
      -0.9578366875648499
    ],
    [
      0.20475850999355316,
      -0.10927232354879379,
      -0.9726939797401428
    ],
    [
      0.20475850999355316,
      -0.10927232354879379,
      -0.9726939797401428
    ],
    [
      0.18182644248008728,
      -0.09229731559753418,
      -0.9789894223213196
    ],
    [
      0.18182644248008728,
      -0.09229731559753418,
      -0.9789894223213196
    ],
    [
      0.1878509819507599,
      -0.02105296216905117,
      -0.9819718599319458
    ],
    [
      0.1878509819507599,
      -0.02105296216905117,
      -0.9819718599319458
    ],
    [
      0.07568185031414032,
      -0.11681325733661652,
      -0.9902660846710205
    ],
    [
      0.07568185031414032,
      -0.11681325733661652,
      -0.9902660846710205
    ],
    [
      0.26740163564682007,
      0.060102395713329315,
      -0.9617089629173279
    ],
    [
      0.26740163564682007,
      0.060102395713329315,
      -0.9617089629173279
    ],
    [
      0.14195914566516876,
      -0.0951809287071228,
      -0.9852858781814575
    ],
    [
      0.14195914566516876,
      -0.0951809287071228,
      -0.9852858781814575
    ],
    [
      0.28262779116630554,
      0.05167621001601219,
      -0.9578366875648499
    ],
    [
      0.28262779116630554,
      0.05167621001601219,
      -0.9578366875648499
    ],
    [
      0.20475850999355316,
      -0.10927232354879379,
      -0.9726939797401428
    ],
    [
      0.20475850999355316,
      -0.10927232354879379,
      -0.9726939797401428
    ],
    [
      0.18182644248008728,
      -0.09229731559753418,
      -0.9789894223213196
    ],
    [
      0.18182644248008728,
      -0.09229731559753418,
      -0.9789894223213196
    ],
    [
      0.1878509819507599,
      -0.02105296216905117,
      -0.9819718599319458
    ],
    [
      0.1878509819507599,
      -0.02105296216905117,
      -0.9819718599319458
    ]
  ],
  "base_dir_world": [
    [
      0.20683231949806213,
      -0.9696754813194275,
      0.13019166886806488
    ],
    [
      -0.20683231949806213,
      0.9696754813194275,
      -0.13019166886806488
    ],
    [
      0.4739310145378113,
      -0.8771928548812866,
      0.07695523649454117
    ],
    [
      -0.4739310145378113,
      0.8771928548812866,
      -0.07695523649454117
    ],
    [
      0.17347046732902527,
      -0.9775708317756653,
      0.1194291040301323
    ],
    [
      -0.17347046732902527,
      0.9775708317756653,
      -0.1194291040301323
    ],
    [
      0.33485284447669983,
      -0.9410452842712402,
      0.048034343868494034
    ],
    [
      -0.33485284447669983,
      0.9410452842712402,
      -0.048034343868494034
    ],
    [
      0.18319033086299896,
      -0.9719115495681763,
      0.1477471888065338
    ],
    [
      -0.18319033086299896,
      0.9719115495681763,
      -0.1477471888065338
    ],
    [
      0.20453982055187225,
      -0.9702590107917786,
      0.12946315109729767
    ],
    [
      -0.20453982055187225,
      0.9702590107917786,
      -0.12946315109729767
    ],
    [
      0.23710493743419647,
      -0.9692301154136658,
      0.0661379024386406
    ],
    [
      -0.23710493743419647,
      0.9692301154136658,
      -0.0661379024386406
    ],
    [
      0.20683231949806213,
      -0.9696754813194275,
      0.13019166886806488
    ],
    [
      -0.20683231949806213,
      0.9696754813194275,
      -0.13019166886806488
    ],
    [
      0.4739310145378113,
      -0.8771928548812866,
      0.07695523649454117
    ],
    [
      -0.4739310145378113,
      0.8771928548812866,
      -0.07695523649454117
    ],
    [
      0.17347046732902527,
      -0.9775708317756653,
      0.1194291040301323
    ],
    [
      -0.17347046732902527,
      0.9775708317756653,
      -0.1194291040301323
    ],
    [
      0.33485284447669983,
      -0.9410452842712402,
      0.048034343868494034
    ],
    [
      -0.33485284447669983,
      0.9410452842712402,
      -0.048034343868494034
    ],
    [
      0.18319033086299896,
      -0.9719115495681763,
      0.1477471888065338
    ],
    [
      -0.18319033086299896,
      0.9719115495681763,
      -0.1477471888065338
    ],
    [
      0.20453982055187225,
      -0.9702590107917786,
      0.12946315109729767
    ],
    [
      -0.20453982055187225,
      0.9702590107917786,
      -0.12946315109729767
    ],
    [
      0.23710493743419647,
      -0.9692301154136658,
      0.0661379024386406
    ],
    [
      -0.23710493743419647,
      0.9692301154136658,
      -0.0661379024386406
    ],
    [
      0.20683231949806213,
      -0.9696754813194275,
      0.13019166886806488
    ],
    [
      -0.20683231949806213,
      0.9696754813194275,
      -0.13019166886806488
    ],
    [
      0.4739310145378113,
      -0.8771928548812866,
      0.07695523649454117
    ],
    [
      -0.4739310145378113,
      0.8771928548812866,
      -0.07695523649454117
    ],
    [
      0.17347046732902527,
      -0.9775708317756653,
      0.1194291040301323
    ],
    [
      -0.17347046732902527,
      0.9775708317756653,
      -0.1194291040301323
    ],
    [
      0.33485284447669983,
      -0.9410452842712402,
      0.048034343868494034
    ],
    [
      -0.33485284447669983,
      0.9410452842712402,
      -0.048034343868494034
    ],
    [
      0.18319033086299896,
      -0.9719115495681763,
      0.1477471888065338
    ],
    [
      -0.18319033086299896,
      0.9719115495681763,
      -0.1477471888065338
    ],
    [
      0.20453982055187225,
      -0.9702590107917786,
      0.12946315109729767
    ],
    [
      -0.20453982055187225,
      0.9702590107917786,
      -0.12946315109729767
    ],
    [
      0.23710493743419647,
      -0.9692301154136658,
      0.0661379024386406
    ],
    [
      -0.23710493743419647,
      0.9692301154136658,
      -0.0661379024386406
    ],
    [
      0.20683231949806213,
      -0.9696754813194275,
      0.13019166886806488
    ],
    [
      -0.20683231949806213,
      0.9696754813194275,
      -0.13019166886806488
    ],
    [
      0.4739310145378113,
      -0.8771928548812866,
      0.07695523649454117
    ],
    [
      -0.4739310145378113,
      0.8771928548812866,
      -0.07695523649454117
    ],
    [
      0.17347046732902527,
      -0.9775708317756653,
      0.1194291040301323
    ],
    [
      -0.17347046732902527,
      0.9775708317756653,
      -0.1194291040301323
    ],
    [
      0.33485284447669983,
      -0.9410452842712402,
      0.048034343868494034
    ],
    [
      -0.33485284447669983,
      0.9410452842712402,
      -0.048034343868494034
    ],
    [
      0.18319033086299896,
      -0.9719115495681763,
      0.1477471888065338
    ],
    [
      -0.18319033086299896,
      0.9719115495681763,
      -0.1477471888065338
    ],
    [
      0.20453982055187225,
      -0.9702590107917786,
      0.12946315109729767
    ],
    [
      -0.20453982055187225,
      0.9702590107917786,
      -0.12946315109729767
    ],
    [
      0.23710493743419647,
      -0.9692301154136658,
      0.0661379024386406
    ],
    [
      -0.23710493743419647,
      0.9692301154136658,
      -0.0661379024386406
    ],
    [
      0.20683231949806213,
      -0.9696754813194275,
      0.13019166886806488
    ],
    [
      -0.20683231949806213,
      0.9696754813194275,
      -0.13019166886806488
    ],
    [
      0.4739310145378113,
      -0.8771928548812866,
      0.07695523649454117
    ],
    [
      -0.4739310145378113,
      0.8771928548812866,
      -0.07695523649454117
    ],
    [
      0.17347046732902527,
      -0.9775708317756653,
      0.1194291040301323
    ],
    [
      -0.17347046732902527,
      0.9775708317756653,
      -0.1194291040301323
    ],
    [
      0.33485284447669983,
      -0.9410452842712402,
      0.048034343868494034
    ],
    [
      -0.33485284447669983,
      0.9410452842712402,
      -0.048034343868494034
    ],
    [
      0.18319033086299896,
      -0.9719115495681763,
      0.1477471888065338
    ],
    [
      -0.18319033086299896,
      0.9719115495681763,
      -0.1477471888065338
    ],
    [
      0.20453982055187225,
      -0.9702590107917786,
      0.12946315109729767
    ],
    [
      -0.20453982055187225,
      0.9702590107917786,
      -0.12946315109729767
    ],
    [
      0.23710493743419647,
      -0.9692301154136658,
      0.0661379024386406
    ],
    [
      -0.23710493743419647,
      0.9692301154136658,
      -0.0661379024386406
    ]
  ],
  "gripper_opening": [
    0.008972176462411881,
    0.008972176462411881,
    0.008972176462411881,
    0.008972176462411881,
    0.008972176462411881,
    0.008972176462411881,
    0.008972176462411881,
    0.008972176462411881,
    0.008972176462411881,
    0.008972176462411881,
    0.008972176462411881,
    0.008972176462411881,
    0.008972176462411881,
    0.008972176462411881,
    0.008972176462411881,
    0.008972176462411881,
    0.008972176462411881,
    0.008972176462411881,
    0.008972176462411881,
    0.008972176462411881,
    0.008972176462411881,
    0.008972176462411881,
    0.008972176462411881,
    0.008972176462411881,
    0.008972176462411881,
    0.008972176462411881,
    0.008972176462411881,
    0.008972176462411881,
    0.008972176462411881,
    0.008972176462411881,
    0.008972176462411881,
    0.008972176462411881,
    0.008972176462411881,
    0.008972176462411881,
    0.008972176462411881,
    0.008972176462411881,
    0.008972176462411881,
    0.008972176462411881,
    0.008972176462411881,
    0.008972176462411881,
    0.008972176462411881,
    0.008972176462411881,
    0.008972176462411881,
    0.008972176462411881,
    0.008972176462411881,
    0.008972176462411881,
    0.008972176462411881,
    0.008972176462411881,
    0.008972176462411881,
    0.008972176462411881,
    0.008972176462411881,
    0.008972176462411881,
    0.008972176462411881,
    0.008972176462411881,
    0.008972176462411881,
    0.008972176462411881,
    0.008972176462411881,
    0.008972176462411881,
    0.008972176462411881,
    0.008972176462411881,
    0.008972176462411881,
    0.008972176462411881,
    0.008972176462411881,
    0.008972176462411881,
    0.008972176462411881,
    0.008972176462411881,
    0.008972176462411881,
    0.008972176462411881,
    0.008972176462411881,
    0.008972176462411881
  ],
  "score": [
    0.21973954141139984,
    0.21973954141139984,
    0.2481391429901123,
    0.2481391429901123,
    0.21859045326709747,
    0.21859045326709747,
    0.2684843838214874,
    0.2684843838214874,
    0.18873776495456696,
    0.18873776495456696,
    0.24737222492694855,
    0.24737222492694855,
    0.2286866307258606,
    0.2286866307258606,
    0.21973954141139984,
    0.21973954141139984,
    0.2481391429901123,
    0.2481391429901123,
    0.21859045326709747,
    0.21859045326709747,
    0.2684843838214874,
    0.2684843838214874,
    0.18873776495456696,
    0.18873776495456696,
    0.24737222492694855,
    0.24737222492694855,
    0.2286866307258606,
    0.2286866307258606,
    0.21973954141139984,
    0.21973954141139984,
    0.2481391429901123,
    0.2481391429901123,
    0.21859045326709747,
    0.21859045326709747,
    0.2684843838214874,
    0.2684843838214874,
    0.18873776495456696,
    0.18873776495456696,
    0.24737222492694855,
    0.24737222492694855,
    0.2286866307258606,
    0.2286866307258606,
    0.21973954141139984,
    0.21973954141139984,
    0.2481391429901123,
    0.2481391429901123,
    0.21859045326709747,
    0.21859045326709747,
    0.2684843838214874,
    0.2684843838214874,
    0.18873776495456696,
    0.18873776495456696,
    0.24737222492694855,
    0.24737222492694855,
    0.2286866307258606,
    0.2286866307258606,
    0.21973954141139984,
    0.21973954141139984,
    0.2481391429901123,
    0.2481391429901123,
    0.21859045326709747,
    0.21859045326709747,
    0.2684843838214874,
    0.2684843838214874,
    0.18873776495456696,
    0.18873776495456696,
    0.24737222492694855,
    0.24737222492694855,
    0.2286866307258606,
    0.2286866307258606
  ],
  "object_id": [
    0,
    0,
    0,
    0,
    0,
    0,
    0,
    0,
    0,
    0,
    0,
    0,
    0,
    0,
    0,
    0,
    0,
    0,
    0,
    0,
    0,
    0,
    0,
    0,
    0,
    0,
    0,
    0,
    0,
    0,
    0,
    0,
    0,
    0,
    0,
    0,
    0,
    0,
    0,
    0,
    0,
    0,
    0,
    0,
    0,
    0,
    0,
    0,
    0,
    0,
    0,
    0,
    0,
    0,
    0,
    0,
    0,
    0,
    0,
    0,
    0,
    0,
    0,
    0,
    0,
    0,
    0,
    0,
    0,
    0
  ],
  "source_index": [
    4,
    4,
    8,
    8,
    9,
    9,
    31,
    31,
    57,
    57,
    63,
    63,
    64,
    64,
    2052,
    2052,
    2056,
    2056,
    2057,
    2057,
    2079,
    2079,
    2105,
    2105,
    2111,
    2111,
    2112,
    2112,
    4100,
    4100,
    4104,
    4104,
    4105,
    4105,
    4127,
    4127,
    4153,
    4153,
    4159,
    4159,
    4160,
    4160,
    6148,
    6148,
    6152,
    6152,
    6153,
    6153,
    6175,
    6175,
    6201,
    6201,
    6207,
    6207,
    6208,
    6208,
    8196,
    8196,
    8200,
    8200,
    8201,
    8201,
    8223,
    8223,
    8249,
    8249,
    8255,
    8255,
    8256,
    8256
  ],
  "selection_index": [
    1,
    1,
    3,
    3,
    4,
    4,
    8,
    8,
    16,
    16,
    17,
    17,
    18,
    18,
    20,
    20,
    22,
    22,
    23,
    23,
    27,
    27,
    35,
    35,
    36,
    36,
    37,
    37,
    39,
    39,
    41,
    41,
    42,
    42,
    46,
    46,
    54,
    54,
    55,
    55,
    56,
    56,
    58,
    58,
    60,
    60,
    61,
    61,
    65,
    65,
    73,
    73,
    74,
    74,
    75,
    75,
    77,
    77,
    79,
    79,
    80,
    80,
    84,
    84,
    92,
    92,
    93,
    93,
    94,
    94
  ],
  "segment_key": [
    1,
    1,
    1,
    1,
    1,
    1,
    1,
    1,
    1,
    1,
    1,
    1,
    1,
    1,
    1,
    1,
    1,
    1,
    1,
    1,
    1,
    1,
    1,
    1,
    1,
    1,
    1,
    1,
    1,
    1,
    1,
    1,
    1,
    1,
    1,
    1,
    1,
    1,
    1,
    1,
    1,
    1,
    1,
    1,
    1,
    1,
    1,
    1,
    1,
    1,
    1,
    1,
    1,
    1,
    1,
    1,
    1,
    1,
    1,
    1,
    1,
    1,
    1,
    1,
    1,
    1,
    1,
    1,
    1,
    1
  ],
  "symmetry_variant": [
    0,
    1,
    0,
    1,
    0,
    1,
    0,
    1,
    0,
    1,
    0,
    1,
    0,
    1,
    0,
    1,
    0,
    1,
    0,
    1,
    0,
    1,
    0,
    1,
    0,
    1,
    0,
    1,
    0,
    1,
    0,
    1,
    0,
    1,
    0,
    1,
    0,
    1,
    0,
    1,
    0,
    1,
    0,
    1,
    0,
    1,
    0,
    1,
    0,
    1,
    0,
    1,
    0,
    1,
    0,
    1,
    0,
    1,
    0,
    1,
    0,
    1,
    0,
    1,
    0,
    1,
    0,
    1,
    0,
    1
  ],
  "offset_bin_value": [
    0.0039721764624118805,
    0.0039721764624118805,
    0.0039721764624118805,
    0.0039721764624118805,
    0.0039721764624118805,
    0.0039721764624118805,
    0.0039721764624118805,
    0.0039721764624118805,
    0.0039721764624118805,
    0.0039721764624118805,
    0.0039721764624118805,
    0.0039721764624118805,
    0.0039721764624118805,
    0.0039721764624118805,
    0.0039721764624118805,
    0.0039721764624118805,
    0.0039721764624118805,
    0.0039721764624118805,
    0.0039721764624118805,
    0.0039721764624118805,
    0.0039721764624118805,
    0.0039721764624118805,
    0.0039721764624118805,
    0.0039721764624118805,
    0.0039721764624118805,
    0.0039721764624118805,
    0.0039721764624118805,
    0.0039721764624118805,
    0.0039721764624118805,
    0.0039721764624118805,
    0.0039721764624118805,
    0.0039721764624118805,
    0.0039721764624118805,
    0.0039721764624118805,
    0.0039721764624118805,
    0.0039721764624118805,
    0.0039721764624118805,
    0.0039721764624118805,
    0.0039721764624118805,
    0.0039721764624118805,
    0.0039721764624118805,
    0.0039721764624118805,
    0.0039721764624118805,
    0.0039721764624118805,
    0.0039721764624118805,
    0.0039721764624118805,
    0.0039721764624118805,
    0.0039721764624118805,
    0.0039721764624118805,
    0.0039721764624118805,
    0.0039721764624118805,
    0.0039721764624118805,
    0.0039721764624118805,
    0.0039721764624118805,
    0.0039721764624118805,
    0.0039721764624118805,
    0.0039721764624118805,
    0.0039721764624118805,
    0.0039721764624118805,
    0.0039721764624118805,
    0.0039721764624118805,
    0.0039721764624118805,
    0.0039721764624118805,
    0.0039721764624118805,
    0.0039721764624118805,
    0.0039721764624118805,
    0.0039721764624118805,
    0.0039721764624118805,
    0.0039721764624118805,
    0.0039721764624118805
  ],
  "offset_bin_index": [
    0,
    0,
    0,
    0,
    0,
    0,
    0,
    0,
    0,
    0,
    0,
    0,
    0,
    0,
    0,
    0,
    0,
    0,
    0,
    0,
    0,
    0,
    0,
    0,
    0,
    0,
    0,
    0,
    0,
    0,
    0,
    0,
    0,
    0,
    0,
    0,
    0,
    0,
    0,
    0,
    0,
    0,
    0,
    0,
    0,
    0,
    0,
    0,
    0,
    0,
    0,
    0,
    0,
    0,
    0,
    0,
    0,
    0,
    0,
    0,
    0,
    0,
    0,
    0,
    0,
    0,
    0,
    0,
    0,
    0
  ],
  "built_pose_world_torc": [
    [
      [
        0.9754448533058167,
        0.20683231949806213,
        0.07568185031414032,
        0.7297172970920801
      ],
      [
        0.21467217803001404,
        -0.9696754813194275,
        -0.11681325733661652,
        0.16751963640078904
      ],
      [
        0.049226075410842896,
        0.13019166886806488,
        -0.9902660846710205,
        1.2448520863711834
      ],
      [
        0.0,
        0.0,
        0.0,
        1.0
      ]
    ],
    [
      [
        -0.9754448533058167,
        -0.20683231949806213,
        0.07568185031414032,
        0.7297172970920801
      ],
      [
        -0.21467217803001404,
        0.9696754813194275,
        -0.11681325733661652,
        0.16751963640078904
      ],
      [
        -0.049226075410842896,
        -0.13019166886806488,
        -0.9902660846710205,
        1.2448520863711834
      ],
      [
        0.0,
        0.0,
        0.0,
        1.0
      ]
    ],
    [
      [
        0.8389790058135986,
        0.4739310145378113,
        0.26740163564682007,
        0.7104239534437656
      ],
      [
        0.4763616621494293,
        -0.8771928548812866,
        0.060102395713329315,
        0.18941022450551392
      ],
      [
        0.2630471885204315,
        0.07695523649454117,
        -0.9617089629173279,
        1.221793560153246
      ],
      [
        0.0,
        0.0,
        0.0,
        1.0
      ]
    ],
    [
      [
        -0.8389790058135986,
        -0.4739310145378113,
        0.26740163564682007,
        0.7104239534437656
      ],
      [
        -0.4763616621494293,
        0.8771928548812866,
        0.060102395713329315,
        0.18941022450551392
      ],
      [
        -0.2630471885204315,
        -0.07695523649454117,
        -0.9617089629173279,
        1.221793560153246
      ],
      [
        0.0,
        0.0,
        0.0,
        1.0
      ]
    ],
    [
      [
        0.9745541214942932,
        0.17347046732902527,
        0.14195914566516876,
        0.6827979437857866
      ],
      [
        0.187872052192688,
        -0.9775708317756653,
        -0.0951809287071228,
        0.16526716942414643
      ],
      [
        0.12226404249668121,
        0.1194291040301323,
        -0.9852858781814575,
        1.2443157488763332
      ],
      [
        0.0,
        0.0,
        0.0,
        1.0
      ]
    ],
    [
      [
        -0.9745541214942932,
        -0.17347046732902527,
        0.14195914566516876,
        0.6827979437857866
      ],
      [
        -0.187872052192688,
        0.9775708317756653,
        -0.0951809287071228,
        0.16526716942414643
      ],
      [
        -0.12226404249668121,
        -0.1194291040301323,
        -0.9852858781814575,
        1.2443157488763332
      ],
      [
        0.0,
        0.0,
        0.0,
        1.0
      ]
    ],
    [
      [
        0.8988854885101318,
        0.33485284447669983,
        0.28262779116630554,
        0.6885733060389757
      ],
      [
        0.3343101739883423,
        -0.9410452842712402,
        0.05167621001601219,
        0.19015467906817796
      ],
      [
        0.283269464969635,
        0.048034343868494034,
        -0.9578366875648499,
        1.2213357294261455
      ],
      [
        0.0,
        0.0,
        0.0,
        1.0
      ]
    ],
    [
      [
        -0.8988854885101318,
        -0.33485284447669983,
        0.28262779116630554,
        0.6885733060389757
      ],
      [
        -0.3343101739883423,
        0.9410452842712402,
        0.05167621001601219,
        0.19015467906817796
      ],
      [
        -0.283269464969635,
        -0.048034343868494034,
        -0.9578366875648499,
        1.2213357294261455
      ],
      [
        0.0,
        0.0,
        0.0,
        1.0
      ]
    ],
    [
      [
        0.9615172147750854,
        0.18319033086299896,
        0.20475850999355316,
        0.6763237953037023
      ],
      [
        0.2084406316280365,
        -0.9719115495681763,
        -0.10927232354879379,
        0.1667354590676725
      ],
      [
        0.17898952960968018,
        0.1477471888065338,
        -0.9726939797401428,
        1.223070008522272
      ],
      [
        0.0,
        0.0,
        0.0,
        1.0
      ]
    ],
    [
      [
        -0.9615172147750854,
        -0.18319033086299896,
        0.20475850999355316,
        0.6763237953037023
      ],
      [
        -0.2084406316280365,
        0.9719115495681763,
        -0.10927232354879379,
        0.1667354590676725
      ],
      [
        -0.17898952960968018,
        -0.1477471888065338,
        -0.9726939797401428,
        1.223070008522272
      ],
      [
        0.0,
        0.0,
        0.0,
        1.0
      ]
    ],
    [
      [
        0.9618224501609802,
        0.20453982055187225,
        0.18182644248008728,
        0.6987373508363962
      ],
      [
        0.22378215193748474,
        -0.9702590107917786,
        -0.09229731559753418,
        0.16498352954611184
      ],
      [
        0.15754026174545288,
        0.12946315109729767,
        -0.9789894223213196,
        1.243684625095129
      ],
      [
        0.0,
        0.0,
        0.0,
        1.0
      ]
    ],
    [
      [
        -0.9618224501609802,
        -0.20453982055187225,
        0.18182644248008728,
        0.6987373508363962
      ],
      [
        -0.22378215193748474,
        0.9702590107917786,
        -0.09229731559753418,
        0.16498352954611184
      ],
      [
        -0.15754026174545288,
        -0.12946315109729767,
        -0.9789894223213196,
        1.243684625095129
      ],
      [
        0.0,
        0.0,
        0.0,
        1.0
      ]
    ],
    [
      [
        0.953149139881134,
        0.23710493743419647,
        0.1878509819507599,
        0.6781791090816259
      ],
      [
        0.24525444209575653,
        -0.9692301154136658,
        -0.02105296216905117,
        0.19761889422759416
      ],
      [
        0.17707906663417816,
        0.0661379024386406,
        -0.9819718599319458,
        1.223867257899046
      ],
      [
        0.0,
        0.0,
        0.0,
        1.0
      ]
    ],
    [
      [
        -0.953149139881134,
        -0.23710493743419647,
        0.1878509819507599,
        0.6781791090816259
      ],
      [
        -0.24525444209575653,
        0.9692301154136658,
        -0.02105296216905117,
        0.19761889422759416
      ],
      [
        -0.17707906663417816,
        -0.0661379024386406,
        -0.9819718599319458,
        1.223867257899046
      ],
      [
        0.0,
        0.0,
        0.0,
        1.0
      ]
    ],
    [
      [
        0.9754448533058167,
        0.20683231949806213,
        0.07568185031414032,
        0.7297172970920801
      ],
      [
        0.21467217803001404,
        -0.9696754813194275,
        -0.11681325733661652,
        0.16751963640078904
      ],
      [
        0.049226075410842896,
        0.13019166886806488,
        -0.9902660846710205,
        1.2448520863711834
      ],
      [
        0.0,
        0.0,
        0.0,
        1.0
      ]
    ],
    [
      [
        -0.9754448533058167,
        -0.20683231949806213,
        0.07568185031414032,
        0.7297172970920801
      ],
      [
        -0.21467217803001404,
        0.9696754813194275,
        -0.11681325733661652,
        0.16751963640078904
      ],
      [
        -0.049226075410842896,
        -0.13019166886806488,
        -0.9902660846710205,
        1.2448520863711834
      ],
      [
        0.0,
        0.0,
        0.0,
        1.0
      ]
    ],
    [
      [
        0.8389790058135986,
        0.4739310145378113,
        0.26740163564682007,
        0.7104239534437656
      ],
      [
        0.4763616621494293,
        -0.8771928548812866,
        0.060102395713329315,
        0.18941022450551392
      ],
      [
        0.2630471885204315,
        0.07695523649454117,
        -0.9617089629173279,
        1.221793560153246
      ],
      [
        0.0,
        0.0,
        0.0,
        1.0
      ]
    ],
    [
      [
        -0.8389790058135986,
        -0.4739310145378113,
        0.26740163564682007,
        0.7104239534437656
      ],
      [
        -0.4763616621494293,
        0.8771928548812866,
        0.060102395713329315,
        0.18941022450551392
      ],
      [
        -0.2630471885204315,
        -0.07695523649454117,
        -0.9617089629173279,
        1.221793560153246
      ],
      [
        0.0,
        0.0,
        0.0,
        1.0
      ]
    ],
    [
      [
        0.9745541214942932,
        0.17347046732902527,
        0.14195914566516876,
        0.6827979437857866
      ],
      [
        0.187872052192688,
        -0.9775708317756653,
        -0.0951809287071228,
        0.16526716942414643
      ],
      [
        0.12226404249668121,
        0.1194291040301323,
        -0.9852858781814575,
        1.2443157488763332
      ],
      [
        0.0,
        0.0,
        0.0,
        1.0
      ]
    ],
    [
      [
        -0.9745541214942932,
        -0.17347046732902527,
        0.14195914566516876,
        0.6827979437857866
      ],
      [
        -0.187872052192688,
        0.9775708317756653,
        -0.0951809287071228,
        0.16526716942414643
      ],
      [
        -0.12226404249668121,
        -0.1194291040301323,
        -0.9852858781814575,
        1.2443157488763332
      ],
      [
        0.0,
        0.0,
        0.0,
        1.0
      ]
    ],
    [
      [
        0.8988854885101318,
        0.33485284447669983,
        0.28262779116630554,
        0.6885733060389757
      ],
      [
        0.3343101739883423,
        -0.9410452842712402,
        0.05167621001601219,
        0.19015467906817796
      ],
      [
        0.283269464969635,
        0.048034343868494034,
        -0.9578366875648499,
        1.2213357294261455
      ],
      [
        0.0,
        0.0,
        0.0,
        1.0
      ]
    ],
    [
      [
        -0.8988854885101318,
        -0.33485284447669983,
        0.28262779116630554,
        0.6885733060389757
      ],
      [
        -0.3343101739883423,
        0.9410452842712402,
        0.05167621001601219,
        0.19015467906817796
      ],
      [
        -0.283269464969635,
        -0.048034343868494034,
        -0.9578366875648499,
        1.2213357294261455
      ],
      [
        0.0,
        0.0,
        0.0,
        1.0
      ]
    ],
    [
      [
        0.9615172147750854,
        0.18319033086299896,
        0.20475850999355316,
        0.6763237953037023
      ],
      [
        0.2084406316280365,
        -0.9719115495681763,
