{
  "type": "success",
  "cmd": "infer_lowlevel",
  "command_version": "cgn_zmq_infer_lowlevel_v1",
  "evidence_level": "proven",
  "input_source": "/mnt/ssd/ziyaochen/torc_franka_lift3d_pipeline_v2/phase4_artifacts/cgn_lowlevel/obj_000015_0.input.npz",
  "input_point_cloud_frame": "fresh_capture_mujoco_world",
  "output_frame": "fresh_capture_mujoco_world",
  "units": {
    "translation": "meters",
    "directions": "unitless_normalized"
  },
  "checkpoint_dir": "/home/ziyaochen/gc6d_lift3d_traj/ros_workspace/src/contact_graspnet_ros/checkpoints/scene_test_2048_bs3_hor_sigma_001",
  "model_status": {
    "type": "success",
    "model_loaded": true,
    "load_elapsed_sec": 17.076117992401123,
    "load_error": null,
    "checkpoint_dir": "/home/ziyaochen/gc6d_lift3d_traj/ros_workspace/src/contact_graspnet_ros/checkpoints/scene_test_2048_bs3_hor_sigma_001",
    "contact_root": "/home/ziyaochen/gc6d_lift3d_franka_7d_generation/third_party/contact_graspnet",
    "cuda_visible_devices": "1",
    "pid": 4020616
  },
  "num_candidates": 4,
  "contact_point_world": [
    [
      0.7781050197720528,
      -0.001285026946105064,
      1.1153700350813567
    ],
    [
      0.7781050197720528,
      -0.001285026946105064,
      1.1153700350813567
    ],
    [
      0.7981050006985665,
      -0.001285026946105064,
      1.1153700350813567
    ],
    [
      0.7981050006985665,
      -0.001285026946105064,
      1.1153700350813567
    ]
  ],
  "approach_dir_world": [
    [
      0.08552620559930801,
      -0.08169029653072357,
      -0.9929813742637634
    ],
    [
      0.08552620559930801,
      -0.08169029653072357,
      -0.9929813742637634
    ],
    [
      0.5926909446716309,
      -0.7086108326911926,
      -0.3828684091567993
    ],
    [
      0.5926909446716309,
      -0.7086108326911926,
      -0.3828684091567993
    ]
  ],
  "base_dir_world": [
    [
      0.9906629920005798,
      0.11317433416843414,
      0.07601591944694519
    ],
    [
      -0.9906629920005798,
      -0.11317433416843414,
      -0.07601591944694519
    ],
    [
      0.03534451499581337,
      0.49778321385383606,
      -0.8665809035301208
    ],
    [
      -0.03534451499581337,
      -0.49778321385383606,
      0.8665809035301208
    ]
  ],
  "gripper_opening": [
    0.04074957326054573,
    0.04074957326054573,
    0.032805225923657415,
    0.032805225923657415
  ],
  "score": [
    0.23219583928585052,
    0.23219583928585052,
    0.2309942990541458,
    0.2309942990541458
  ],
  "object_id": [
    0,
    0,
    0,
    0
  ],
  "source_index": [
    52,
    52,
    99,
    99
  ],
  "selection_index": [
    24,
    24,
    46,
    46
  ],
  "segment_key": [
    1,
    1,
    1,
    1
  ],
  "symmetry_variant": [
    0,
    1,
    0,
    1
  ],
  "offset_bin_value": [
    0.03574957326054573,
    0.03574957326054573,
    0.027805225923657417,
    0.027805225923657417
  ],
  "offset_bin_index": [
    4,
    4,
    3,
    3
  ],
  "built_pose_world_torc": [
    [
      [
        -0.10617024451494217,
        0.9906629920005798,
        0.08552620559930801,
        0.7869695007741452
      ],
      [
        0.9902112483978271,
        0.11317433416843414,
        -0.08169029653072357,
        0.009184715173207222
      ],
      [
        -0.0906069204211235,
        0.07601591944694519,
        -0.9929813742637634,
        1.2194030810177325
      ],
      [
        0.0,
        0.0,
        0.0,
        1.0
      ]
    ],
    [
      [
        0.10617024451494217,
        -0.9906629920005798,
        0.08552620559930801,
        0.7869695007741452
      ],
      [
        -0.9902112483978271,
        -0.11317433416843414,
        -0.08169029653072357,
        0.009184715173207222
      ],
      [
        0.0906069204211235,
        -0.07601591944694519,
        -0.9929813742637634,
        1.2194030810177325
      ],
      [
        0.0,
        0.0,
        0.0,
        1.0
      ]
    ],
    [
      [
        -0.804654061794281,
        0.03534451499581337,
        0.5926909446716309,
        0.7373121373295785
      ],
      [
        -0.5000823736190796,
        0.49778321385383606,
        -0.7086108326911926,
        0.0789058178877458
      ],
      [
        -0.320077121257782,
        -0.8665809035301208,
        -0.3828684091567993,
        1.1429108906567096
      ],
      [
        0.0,
        0.0,
        0.0,
        1.0
      ]
    ],
    [
      [
        0.804654061794281,
        -0.03534451499581337,
        0.5926909446716309,
        0.7373121373295785
      ],
      [
        0.5000823736190796,
        -0.49778321385383606,
        -0.7086108326911926,
        0.0789058178877458
      ],
      [
        0.320077121257782,
        0.8665809035301208,
        -0.3828684091567993,
        1.1429108906567096
      ],
      [
        0.0,
        0.0,
        0.0,
        1.0
      ]
    ]
  ],
  "elapsed_sec": 0.18860363960266113,
  "source_field_audit": {
    "contact_point_world": {
      "source_variable": "model_ops['pred_points'] -> contact_point, after CGN convert_cam_coords and FRAME_ROTATE.T",
      "shape": "N x 3",
      "frame": "fresh_capture_mujoco_world",
      "units": "meters",
      "evidence": "proven_source_tensor_fetch"
    },
    "approach_dir_world": {
      "source_variable": "model_ops['approach_dir_pred'] -> approach_dir, after CGN convert_cam_coords and FRAME_ROTATE.T",
      "shape": "N x 3",
      "frame": "fresh_capture_mujoco_world",
      "units": "unit vector",
      "evidence": "proven_source_tensor_fetch"
    },
    "base_dir_world": {
      "source_variable": "model_ops['grasp_dir_pred'] -> base_dir, after CGN convert_cam_coords, FRAME_ROTATE.T, plus ROTATE_Z symmetry duplicate sign flip",
      "shape": "N x 3",
      "frame": "fresh_capture_mujoco_world",
      "units": "unit vector",
      "evidence": "proven_source_tensor_fetch"
    },
    "gripper_opening": {
      "source_variable": "min(model_ops['offset_bin_pred_vals'] + TEST.extra_opening, DATA.gripper_width)",
      "shape": "N",
      "frame": "not_applicable",
      "units": "meters",
      "evidence": "proven_source_tensor_fetch_and_config_formula"
    },
    "score": {
      "source_variable": "model_ops['binary_seg_pred']",
      "shape": "N",
      "frame": "not_applicable",
      "units": "unitless confidence",
      "evidence": "proven_source_tensor_fetch"
    },
    "object_id": {
      "source_variable": "pc_segments key - 1 after mask-bit grouping and CGN filter_segment",
      "shape": "N",
      "frame": "segmentation namespace",
      "units": "integer segment/object id",
      "evidence": "proven_source_mapping"
    },
    "source_index": {
      "source_variable": "selected CGN source tensor index before filter_segment",
      "shape": "N",
      "frame": "CGN selected tensor index",
      "units": "integer",
      "evidence": "proven_source_mapping"
    },
    "selection_index": {
      "source_variable": "position in selected/filter_segment candidate list",
      "shape": "N",
      "frame": "CGN selected candidate order",
      "units": "integer",
      "evidence": "proven_source_mapping"
    }
  },
  "client_elapsed_sec": 0.20012688636779785
}