{
  "type": "success",
  "cmd": "infer_lowlevel",
  "command_version": "cgn_zmq_infer_lowlevel_v1",
  "evidence_level": "proven",
  "input_source": "/mnt/ssd/ziyaochen/torc_franka_lift3d_pipeline_v2/phase4_artifacts/cgn_lowlevel/obj_000058_0.input.npz",
  "input_point_cloud_frame": "fresh_capture_mujoco_world",
  "output_frame": "fresh_capture_mujoco_world",
  "units": {
    "translation": "meters",
    "directions": "unitless_normalized"
  },
  "checkpoint_dir": "/home/ziyaochen/gc6d_lift3d_traj/ros_workspace/src/contact_graspnet_ros/checkpoints/scene_test_2048_bs3_hor_sigma_001",
  "model_status": {
    "type": "success",
    "model_loaded": true,
    "load_elapsed_sec": 17.076117992401123,
    "load_error": null,
    "checkpoint_dir": "/home/ziyaochen/gc6d_lift3d_traj/ros_workspace/src/contact_graspnet_ros/checkpoints/scene_test_2048_bs3_hor_sigma_001",
    "contact_root": "/home/ziyaochen/gc6d_lift3d_franka_7d_generation/third_party/contact_graspnet",
    "cuda_visible_devices": "1",
    "pid": 4020616
  },
  "num_candidates": 80,
  "contact_point_world": [
    [
      0.7203279733690433,
      -0.16912099790477658,
      1.1459499593868852
    ],
    [
      0.7203279733690433,
      -0.16912099790477658,
      1.1459499593868852
    ],
    [
      0.7203279733690433,
      -0.12912100531810428,
      1.1459499593868852
    ],
    [
      0.7203279733690433,
      -0.12912100531810428,
      1.1459499593868852
    ],
    [
      0.6803280122727156,
      -0.16912099790477658,
      1.1459499593868852
    ],
    [
      0.6803280122727156,
      -0.16912099790477658,
      1.1459499593868852
    ],
    [
      0.7003279931992292,
      -0.14912100114577914,
      1.1459499593868852
    ],
    [
      0.7003279931992292,
      -0.14912100114577914,
      1.1459499593868852
    ],
    [
      0.7203279733690433,
      -0.16912099790477658,
      1.1659499412447214
    ],
    [
      0.7203279733690433,
      -0.16912099790477658,
      1.1659499412447214
    ],
    [
      0.7003279931992292,
      -0.16912099790477658,
      1.1459499593868852
    ],
    [
      0.7003279931992292,
      -0.16912099790477658,
      1.1459499593868852
    ],
    [
      0.7203279733690433,
      -0.14912100114577914,
      1.1459499593868852
    ],
    [
      0.7203279733690433,
      -0.14912100114577914,
      1.1459499593868852
    ],
    [
      0.7003279931992292,
      -0.12912100531810428,
      1.1459499593868852
    ],
    [
      0.7003279931992292,
      -0.12912100531810428,
      1.1459499593868852
    ],
    [
      0.7203279733690433,
      -0.16912099790477658,
      1.1459499593868852
    ],
    [
      0.7203279733690433,
      -0.16912099790477658,
      1.1459499593868852
    ],
    [
      0.7203279733690433,
      -0.12912100531810428,
      1.1459499593868852
    ],
    [
      0.7203279733690433,
      -0.12912100531810428,
      1.1459499593868852
    ],
    [
      0.6803280122727156,
      -0.16912099790477658,
      1.1459499593868852
    ],
    [
      0.6803280122727156,
      -0.16912099790477658,
      1.1459499593868852
    ],
    [
      0.7003279931992292,
      -0.14912100114577914,
      1.1459499593868852
    ],
    [
      0.7003279931992292,
      -0.14912100114577914,
      1.1459499593868852
    ],
    [
      0.7203279733690433,
      -0.16912099790477658,
      1.1659499412447214
    ],
    [
      0.7203279733690433,
      -0.16912099790477658,
      1.1659499412447214
    ],
    [
      0.7003279931992292,
      -0.16912099790477658,
      1.1459499593868852
    ],
    [
      0.7003279931992292,
      -0.16912099790477658,
      1.1459499593868852
    ],
    [
      0.7203279733690433,
      -0.14912100114577914,
      1.1459499593868852
    ],
    [
      0.7203279733690433,
      -0.14912100114577914,
      1.1459499593868852
    ],
    [
      0.7003279931992292,
      -0.12912100531810428,
      1.1459499593868852
    ],
    [
      0.7003279931992292,
      -0.12912100531810428,
      1.1459499593868852
    ],
    [
      0.7203279733690433,
      -0.16912099790477658,
      1.1459499593868852
    ],
    [
      0.7203279733690433,
      -0.16912099790477658,
      1.1459499593868852
    ],
    [
      0.7203279733690433,
      -0.12912100531810428,
      1.1459499593868852
    ],
    [
      0.7203279733690433,
      -0.12912100531810428,
      1.1459499593868852
    ],
    [
      0.6803280122727156,
      -0.16912099790477658,
      1.1459499593868852
    ],
    [
      0.6803280122727156,
      -0.16912099790477658,
      1.1459499593868852
    ],
    [
      0.7003279931992292,
      -0.14912100114577914,
      1.1459499593868852
    ],
    [
      0.7003279931992292,
      -0.14912100114577914,
      1.1459499593868852
    ],
    [
      0.7203279733690433,
      -0.16912099790477658,
      1.1659499412447214
    ],
    [
      0.7203279733690433,
      -0.16912099790477658,
      1.1659499412447214
    ],
    [
      0.7003279931992292,
      -0.16912099790477658,
      1.1459499593868852
    ],
    [
      0.7003279931992292,
      -0.16912099790477658,
      1.1459499593868852
    ],
    [
      0.7203279733690433,
      -0.14912100114577914,
      1.1459499593868852
    ],
    [
      0.7203279733690433,
      -0.14912100114577914,
      1.1459499593868852
    ],
    [
      0.7003279931992292,
      -0.12912100531810428,
      1.1459499593868852
    ],
    [
      0.7003279931992292,
      -0.12912100531810428,
      1.1459499593868852
    ],
    [
      0.7203279733690433,
      -0.16912099790477658,
      1.1459499593868852
    ],
    [
      0.7203279733690433,
      -0.16912099790477658,
      1.1459499593868852
    ],
    [
      0.7203279733690433,
      -0.12912100531810428,
      1.1459499593868852
    ],
    [
      0.7203279733690433,
      -0.12912100531810428,
      1.1459499593868852
    ],
    [
      0.6803280122727156,
      -0.16912099790477658,
      1.1459499593868852
    ],
    [
      0.6803280122727156,
      -0.16912099790477658,
      1.1459499593868852
    ],
    [
      0.7003279931992292,
      -0.14912100114577914,
      1.1459499593868852
    ],
    [
      0.7003279931992292,
      -0.14912100114577914,
      1.1459499593868852
    ],
    [
      0.7203279733690433,
      -0.16912099790477658,
      1.1659499412447214
    ],
    [
      0.7203279733690433,
      -0.16912099790477658,
      1.1659499412447214
    ],
    [
      0.7003279931992292,
      -0.16912099790477658,
      1.1459499593868852
    ],
    [
      0.7003279931992292,
      -0.16912099790477658,
      1.1459499593868852
    ],
    [
      0.7203279733690433,
      -0.14912100114577914,
      1.1459499593868852
    ],
    [
      0.7203279733690433,
      -0.14912100114577914,
      1.1459499593868852
    ],
    [
      0.7003279931992292,
      -0.12912100531810428,
      1.1459499593868852
    ],
    [
      0.7003279931992292,
      -0.12912100531810428,
      1.1459499593868852
    ],
    [
      0.7203279733690433,
      -0.16912099790477658,
      1.1459499593868852
    ],
    [
      0.7203279733690433,
      -0.16912099790477658,
      1.1459499593868852
    ],
    [
      0.7203279733690433,
      -0.12912100531810428,
      1.1459499593868852
    ],
    [
      0.7203279733690433,
      -0.12912100531810428,
      1.1459499593868852
    ],
    [
      0.6803280122727156,
      -0.16912099790477658,
      1.1459499593868852
    ],
    [
      0.6803280122727156,
      -0.16912099790477658,
      1.1459499593868852
    ],
    [
      0.7003279931992292,
      -0.14912100114577914,
      1.1459499593868852
    ],
    [
      0.7003279931992292,
      -0.14912100114577914,
      1.1459499593868852
    ],
    [
      0.7203279733690433,
      -0.16912099790477658,
      1.1659499412447214
    ],
    [
      0.7203279733690433,
      -0.16912099790477658,
      1.1659499412447214
    ],
    [
      0.7003279931992292,
      -0.16912099790477658,
      1.1459499593868852
    ],
    [
      0.7003279931992292,
      -0.16912099790477658,
      1.1459499593868852
    ],
    [
      0.7203279733690433,
      -0.14912100114577914,
      1.1459499593868852
    ],
    [
      0.7203279733690433,
      -0.14912100114577914,
      1.1459499593868852
    ],
    [
      0.7003279931992292,
      -0.12912100531810428,
      1.1459499593868852
    ],
    [
      0.7003279931992292,
      -0.12912100531810428,
      1.1459499593868852
    ]
  ],
  "approach_dir_world": [
    [
      0.3799050450325012,
      0.04370420426130295,
      -0.9239925146102905
    ],
    [
      0.3799050450325012,
      0.04370420426130295,
      -0.9239925146102905
    ],
    [
      0.41943609714508057,
      0.061596158891916275,
      -0.9056927561759949
    ],
    [
      0.41943609714508057,
      0.061596158891916275,
      -0.9056927561759949
    ],
    [
      0.46948710083961487,
      0.1253010779619217,
      -0.8740031123161316
    ],
    [
      0.46948710083961487,
      0.1253010779619217,
      -0.8740031123161316
    ],
    [
      0.3330859839916229,
      0.056984223425388336,
      -0.9411729574203491
    ],
    [
      0.3330859839916229,
      0.056984223425388336,
      -0.9411729574203491
    ],
    [
      0.48486846685409546,
      0.045062970370054245,
      -0.8734253644943237
    ],
    [
      0.48486846685409546,
      0.045062970370054245,
      -0.8734253644943237
    ],
    [
      0.3385104537010193,
      0.04250359162688255,
      -0.9400022029876709
    ],
    [
      0.3385104537010193,
      0.04250359162688255,
      -0.9400022029876709
    ],
    [
      0.34971389174461365,
      0.055804770439863205,
      -0.9351930022239685
    ],
    [
      0.34971389174461365,
      0.055804770439863205,
      -0.9351930022239685
    ],
    [
      0.31030765175819397,
      0.1115368977189064,
      -0.9440703392028809
    ],
    [
      0.31030765175819397,
      0.1115368977189064,
      -0.9440703392028809
    ],
    [
      0.3799050450325012,
      0.04370420426130295,
      -0.9239925146102905
    ],
    [
      0.3799050450325012,
      0.04370420426130295,
      -0.9239925146102905
    ],
    [
      0.41943609714508057,
      0.061596158891916275,
      -0.9056927561759949
    ],
    [
      0.41943609714508057,
      0.061596158891916275,
      -0.9056927561759949
    ],
    [
      0.46948710083961487,
      0.1253010779619217,
      -0.8740031123161316
    ],
    [
      0.46948710083961487,
      0.1253010779619217,
      -0.8740031123161316
    ],
    [
      0.3330859839916229,
      0.056984223425388336,
      -0.9411729574203491
    ],
    [
      0.3330859839916229,
      0.056984223425388336,
      -0.9411729574203491
    ],
    [
      0.48486846685409546,
      0.045062970370054245,
      -0.8734253644943237
    ],
    [
      0.48486846685409546,
      0.045062970370054245,
      -0.8734253644943237
    ],
    [
      0.3385104537010193,
      0.04250359162688255,
      -0.9400022029876709
    ],
    [
      0.3385104537010193,
      0.04250359162688255,
      -0.9400022029876709
    ],
    [
      0.34971389174461365,
      0.055804770439863205,
      -0.9351930022239685
    ],
    [
      0.34971389174461365,
      0.055804770439863205,
      -0.9351930022239685
    ],
    [
      0.31030765175819397,
      0.1115368977189064,
      -0.9440703392028809
    ],
    [
      0.31030765175819397,
      0.1115368977189064,
      -0.9440703392028809
    ],
    [
      0.3799050450325012,
      0.04370420426130295,
      -0.9239925146102905
    ],
    [
      0.3799050450325012,
      0.04370420426130295,
      -0.9239925146102905
    ],
    [
      0.41943609714508057,
      0.061596158891916275,
      -0.9056927561759949
    ],
    [
      0.41943609714508057,
      0.061596158891916275,
      -0.9056927561759949
    ],
    [
      0.46948710083961487,
      0.1253010779619217,
      -0.8740031123161316
    ],
    [
      0.46948710083961487,
      0.1253010779619217,
      -0.8740031123161316
    ],
    [
      0.3330859839916229,
      0.056984223425388336,
      -0.9411729574203491
    ],
    [
      0.3330859839916229,
      0.056984223425388336,
      -0.9411729574203491
    ],
    [
      0.48486846685409546,
      0.045062970370054245,
      -0.8734253644943237
    ],
    [
      0.48486846685409546,
      0.045062970370054245,
      -0.8734253644943237
    ],
    [
      0.3385104537010193,
      0.04250359162688255,
      -0.9400022029876709
    ],
    [
      0.3385104537010193,
      0.04250359162688255,
      -0.9400022029876709
    ],
    [
      0.34971389174461365,
      0.055804770439863205,
      -0.9351930022239685
    ],
    [
      0.34971389174461365,
      0.055804770439863205,
      -0.9351930022239685
    ],
    [
      0.31030765175819397,
      0.1115368977189064,
      -0.9440703392028809
    ],
    [
      0.31030765175819397,
      0.1115368977189064,
      -0.9440703392028809
    ],
    [
      0.3799050450325012,
      0.04370420426130295,
      -0.9239925146102905
    ],
    [
      0.3799050450325012,
      0.04370420426130295,
      -0.9239925146102905
    ],
    [
      0.41943609714508057,
      0.061596158891916275,
      -0.9056927561759949
    ],
    [
      0.41943609714508057,
      0.061596158891916275,
      -0.9056927561759949
    ],
    [
      0.46948710083961487,
      0.1253010779619217,
      -0.8740031123161316
    ],
    [
      0.46948710083961487,
      0.1253010779619217,
      -0.8740031123161316
    ],
    [
      0.3330859839916229,
      0.056984223425388336,
      -0.9411729574203491
    ],
    [
      0.3330859839916229,
      0.056984223425388336,
      -0.9411729574203491
    ],
    [
      0.48486846685409546,
      0.045062970370054245,
      -0.8734253644943237
    ],
    [
      0.48486846685409546,
      0.045062970370054245,
      -0.8734253644943237
    ],
    [
      0.3385104537010193,
      0.04250359162688255,
      -0.9400022029876709
    ],
    [
      0.3385104537010193,
      0.04250359162688255,
      -0.9400022029876709
    ],
    [
      0.34971389174461365,
      0.055804770439863205,
      -0.9351930022239685
    ],
    [
      0.34971389174461365,
      0.055804770439863205,
      -0.9351930022239685
    ],
    [
      0.31030765175819397,
      0.1115368977189064,
      -0.9440703392028809
    ],
    [
      0.31030765175819397,
      0.1115368977189064,
      -0.9440703392028809
    ],
    [
      0.3799050450325012,
      0.04370420426130295,
      -0.9239925146102905
    ],
    [
      0.3799050450325012,
      0.04370420426130295,
      -0.9239925146102905
    ],
    [
      0.41943609714508057,
      0.061596158891916275,
      -0.9056927561759949
    ],
    [
      0.41943609714508057,
      0.061596158891916275,
      -0.9056927561759949
    ],
    [
      0.46948710083961487,
      0.1253010779619217,
      -0.8740031123161316
    ],
    [
      0.46948710083961487,
      0.1253010779619217,
      -0.8740031123161316
    ],
    [
      0.3330859839916229,
      0.056984223425388336,
      -0.9411729574203491
    ],
    [
      0.3330859839916229,
      0.056984223425388336,
      -0.9411729574203491
    ],
    [
      0.48486846685409546,
      0.045062970370054245,
      -0.8734253644943237
    ],
    [
      0.48486846685409546,
      0.045062970370054245,
      -0.8734253644943237
    ],
    [
      0.3385104537010193,
      0.04250359162688255,
      -0.9400022029876709
    ],
    [
      0.3385104537010193,
      0.04250359162688255,
      -0.9400022029876709
    ],
    [
      0.34971389174461365,
      0.055804770439863205,
      -0.9351930022239685
    ],
    [
      0.34971389174461365,
      0.055804770439863205,
      -0.9351930022239685
    ],
    [
      0.31030765175819397,
      0.1115368977189064,
      -0.9440703392028809
    ],
    [
      0.31030765175819397,
      0.1115368977189064,
      -0.9440703392028809
    ]
  ],
  "base_dir_world": [
    [
      0.1586221307516098,
      -0.9871655702590942,
      0.018526194617152214
    ],
    [
      -0.1586221307516098,
      0.9871655702590942,
      -0.018526194617152214
    ],
    [
      0.07678088545799255,
      -0.9965274930000305,
      -0.03221575543284416
    ],
    [
      -0.07678088545799255,
      0.9965274930000305,
      0.03221575543284416
    ],
    [
      0.5235118865966797,
      0.757607638835907,
      0.38982826471328735
    ],
    [
      -0.5235118865966797,
      -0.757607638835907,
      -0.38982826471328735
    ],
    [
      0.11660323292016983,
      -0.9929996132850647,
      -0.0188556257635355
    ],
    [
      -0.11660323292016983,
      0.9929996132850647,
      0.0188556257635355
    ],
    [
      0.14849603176116943,
      -0.9884130954742432,
      0.031439684331417084
    ],
    [
      -0.14849603176116943,
      0.9884130954742432,
      -0.031439684331417084
    ],
    [
      0.14393334090709686,
      -0.9895620346069336,
      0.007088284939527512
    ],
    [
      -0.14393334090709686,
      0.9895620346069336,
      -0.007088284939527512
    ],
    [
      0.13072805106639862,
      -0.9913650751113892,
      -0.010271122679114342
    ],
    [
      -0.13072805106639862,
      0.9913650751113892,
      0.010271122679114342
    ],
    [
      0.16835373640060425,
      0.9709482192993164,
      0.170048788189888
    ],
    [
      -0.16835373640060425,
      -0.9709482192993164,
      -0.170048788189888
    ],
    [
      0.1586221307516098,
      -0.9871655702590942,
      0.018526194617152214
    ],
    [
      -0.1586221307516098,
      0.9871655702590942,
      -0.018526194617152214
    ],
    [
      0.07678088545799255,
      -0.9965274930000305,
      -0.03221575543284416
    ],
    [
      -0.07678088545799255,
      0.9965274930000305,
      0.03221575543284416
    ],
    [
      0.5235118865966797,
      0.757607638835907,
      0.38982826471328735
    ],
    [
      -0.5235118865966797,
      -0.757607638835907,
      -0.38982826471328735
    ],
    [
      0.11660323292016983,
      -0.9929996132850647,
      -0.0188556257635355
    ],
    [
      -0.11660323292016983,
      0.9929996132850647,
      0.0188556257635355
    ],
    [
      0.14849603176116943,
      -0.9884130954742432,
      0.031439684331417084
    ],
    [
      -0.14849603176116943,
      0.9884130954742432,
      -0.031439684331417084
    ],
    [
      0.14393334090709686,
      -0.9895620346069336,
      0.007088284939527512
    ],
    [
      -0.14393334090709686,
      0.9895620346069336,
      -0.007088284939527512
    ],
    [
      0.13072805106639862,
      -0.9913650751113892,
      -0.010271122679114342
    ],
    [
      -0.13072805106639862,
      0.9913650751113892,
      0.010271122679114342
    ],
    [
      0.16835373640060425,
      0.9709482192993164,
      0.170048788189888
    ],
    [
      -0.16835373640060425,
      -0.9709482192993164,
      -0.170048788189888
    ],
    [
      0.1586221307516098,
      -0.9871655702590942,
      0.018526194617152214
    ],
    [
      -0.1586221307516098,
      0.9871655702590942,
      -0.018526194617152214
    ],
    [
      0.07678088545799255,
      -0.9965274930000305,
      -0.03221575543284416
    ],
    [
      -0.07678088545799255,
      0.9965274930000305,
      0.03221575543284416
    ],
    [
      0.5235118865966797,
      0.757607638835907,
      0.38982826471328735
    ],
    [
      -0.5235118865966797,
      -0.757607638835907,
      -0.38982826471328735
    ],
    [
      0.11660323292016983,
      -0.9929996132850647,
      -0.0188556257635355
    ],
    [
      -0.11660323292016983,
      0.9929996132850647,
      0.0188556257635355
    ],
    [
      0.14849603176116943,
      -0.9884130954742432,
      0.031439684331417084
    ],
    [
      -0.14849603176116943,
      0.9884130954742432,
      -0.031439684331417084
    ],
    [
      0.14393334090709686,
      -0.9895620346069336,
      0.007088284939527512
    ],
    [
      -0.14393334090709686,
      0.9895620346069336,
      -0.007088284939527512
    ],
    [
      0.13072805106639862,
      -0.9913650751113892,
      -0.010271122679114342
    ],
    [
      -0.13072805106639862,
      0.9913650751113892,
      0.010271122679114342
    ],
    [
      0.16835373640060425,
      0.9709482192993164,
      0.170048788189888
    ],
    [
      -0.16835373640060425,
      -0.9709482192993164,
      -0.170048788189888
    ],
    [
      0.1586221307516098,
      -0.9871655702590942,
      0.018526194617152214
    ],
    [
      -0.1586221307516098,
      0.9871655702590942,
      -0.018526194617152214
    ],
    [
      0.07678088545799255,
      -0.9965274930000305,
      -0.03221575543284416
    ],
    [
      -0.07678088545799255,
      0.9965274930000305,
      0.03221575543284416
    ],
    [
      0.5235118865966797,
      0.757607638835907,
      0.38982826471328735
    ],
    [
      -0.5235118865966797,
      -0.757607638835907,
      -0.38982826471328735
    ],
    [
      0.11660323292016983,
      -0.9929996132850647,
      -0.0188556257635355
    ],
    [
      -0.11660323292016983,
      0.9929996132850647,
      0.0188556257635355
    ],
    [
      0.14849603176116943,
      -0.9884130954742432,
      0.031439684331417084
    ],
    [
      -0.14849603176116943,
      0.9884130954742432,
      -0.031439684331417084
    ],
    [
      0.14393334090709686,
      -0.9895620346069336,
      0.007088284939527512
    ],
    [
      -0.14393334090709686,
      0.9895620346069336,
      -0.007088284939527512
    ],
    [
      0.13072805106639862,
      -0.9913650751113892,
      -0.010271122679114342
    ],
    [
      -0.13072805106639862,
      0.9913650751113892,
      0.010271122679114342
    ],
    [
      0.16835373640060425,
      0.9709482192993164,
      0.170048788189888
    ],
    [
      -0.16835373640060425,
      -0.9709482192993164,
      -0.170048788189888
    ],
    [
      0.1586221307516098,
      -0.9871655702590942,
      0.018526194617152214
    ],
    [
      -0.1586221307516098,
      0.9871655702590942,
      -0.018526194617152214
    ],
    [
      0.07678088545799255,
      -0.9965274930000305,
      -0.03221575543284416
    ],
    [
      -0.07678088545799255,
      0.9965274930000305,
      0.03221575543284416
    ],
    [
      0.5235118865966797,
      0.757607638835907,
      0.38982826471328735
    ],
    [
      -0.5235118865966797,
      -0.757607638835907,
      -0.38982826471328735
    ],
    [
      0.11660323292016983,
      -0.9929996132850647,
      -0.0188556257635355
    ],
    [
      -0.11660323292016983,
      0.9929996132850647,
      0.0188556257635355
    ],
    [
      0.14849603176116943,
      -0.9884130954742432,
      0.031439684331417084
    ],
    [
      -0.14849603176116943,
      0.9884130954742432,
      -0.031439684331417084
    ],
    [
      0.14393334090709686,
      -0.9895620346069336,
      0.007088284939527512
    ],
    [
      -0.14393334090709686,
      0.9895620346069336,
      -0.007088284939527512
    ],
    [
      0.13072805106639862,
      -0.9913650751113892,
      -0.010271122679114342
    ],
    [
      -0.13072805106639862,
      0.9913650751113892,
      0.010271122679114342
    ],
    [
      0.16835373640060425,
      0.9709482192993164,
      0.170048788189888
    ],
    [
      -0.16835373640060425,
      -0.9709482192993164,
      -0.170048788189888
    ]
  ],
  "gripper_opening": [
    0.008972176462411881,
    0.008972176462411881,
    0.008972176462411881,
    0.008972176462411881,
    0.06458262085914612,
    0.06458262085914612,
    0.016916527524590493,
    0.016916527524590493,
    0.008972176462411881,
    0.008972176462411881,
    0.008972176462411881,
    0.008972176462411881,
    0.024860876724123956,
    0.024860876724123956,
    0.04074957326054573,
    0.04074957326054573,
    0.008972176462411881,
    0.008972176462411881,
    0.008972176462411881,
    0.008972176462411881,
    0.06458262085914612,
    0.06458262085914612,
    0.016916527524590493,
    0.016916527524590493,
    0.008972176462411881,
    0.008972176462411881,
    0.008972176462411881,
    0.008972176462411881,
    0.024860876724123956,
    0.024860876724123956,
    0.04074957326054573,
    0.04074957326054573,
    0.008972176462411881,
    0.008972176462411881,
    0.008972176462411881,
    0.008972176462411881,
    0.06458262085914612,
    0.06458262085914612,
    0.016916527524590493,
    0.016916527524590493,
    0.008972176462411881,
    0.008972176462411881,
    0.008972176462411881,
    0.008972176462411881,
    0.024860876724123956,
    0.024860876724123956,
    0.04074957326054573,
    0.04074957326054573,
    0.008972176462411881,
    0.008972176462411881,
    0.008972176462411881,
    0.008972176462411881,
    0.06458262085914612,
    0.06458262085914612,
    0.016916527524590493,
    0.016916527524590493,
    0.008972176462411881,
    0.008972176462411881,
    0.008972176462411881,
    0.008972176462411881,
    0.024860876724123956,
    0.024860876724123956,
    0.04074957326054573,
    0.04074957326054573,
    0.008972176462411881,
    0.008972176462411881,
    0.008972176462411881,
    0.008972176462411881,
    0.06458262085914612,
    0.06458262085914612,
    0.016916527524590493,
    0.016916527524590493,
    0.008972176462411881,
    0.008972176462411881,
    0.008972176462411881,
    0.008972176462411881,
    0.024860876724123956,
    0.024860876724123956,
    0.04074957326054573,
    0.04074957326054573
  ],
  "score": [
    0.37562990188598633,
    0.37562990188598633,
    0.3846132159233093,
    0.3846132159233093,
    0.20845751464366913,
    0.20845751464366913,
    0.3161575496196747,
    0.3161575496196747,
    0.19973039627075195,
    0.19973039627075195,
    0.3405718207359314,
    0.3405718207359314,
    0.2766268253326416,
    0.2766268253326416,
    0.23712800443172455,
    0.23712800443172455,
    0.37562990188598633,
    0.37562990188598633,
    0.3846132159233093,
    0.3846132159233093,
    0.20845751464366913,
    0.20845751464366913,
    0.3161575496196747,
    0.3161575496196747,
    0.19973039627075195,
    0.19973039627075195,
    0.3405718207359314,
    0.3405718207359314,
    0.2766268253326416,
    0.2766268253326416,
    0.23712800443172455,
    0.23712800443172455,
    0.37562990188598633,
    0.37562990188598633,
    0.3846132159233093,
    0.3846132159233093,
    0.20845751464366913,
    0.20845751464366913,
    0.3161575496196747,
    0.3161575496196747,
    0.19973039627075195,
    0.19973039627075195,
    0.3405718207359314,
    0.3405718207359314,
    0.2766268253326416,
    0.2766268253326416,
    0.23712800443172455,
    0.23712800443172455,
    0.37562990188598633,
    0.37562990188598633,
    0.3846132159233093,
    0.3846132159233093,
    0.20845751464366913,
    0.20845751464366913,
    0.3161575496196747,
    0.3161575496196747,
    0.19973039627075195,
    0.19973039627075195,
    0.3405718207359314,
    0.3405718207359314,
    0.2766268253326416,
    0.2766268253326416,
    0.23712800443172455,
    0.23712800443172455,
    0.37562990188598633,
    0.37562990188598633,
    0.3846132159233093,
    0.3846132159233093,
    0.20845751464366913,
    0.20845751464366913,
    0.3161575496196747,
    0.3161575496196747,
    0.19973039627075195,
    0.19973039627075195,
    0.3405718207359314,
    0.3405718207359314,
    0.2766268253326416,
    0.2766268253326416,
    0.23712800443172455,
    0.23712800443172455
  ],
  "object_id": [
    0,
    0,
    0,
    0,
    0,
    0,
    0,
    0,
    0,
    0,
    0,
    0,
    0,
    0,
    0,
    0,
    0,
    0,
    0,
    0,
    0,
    0,
    0,
    0,
    0,
    0,
    0,
    0,
    0,
    0,
    0,
    0,
    0,
    0,
    0,
    0,
    0,
    0,
    0,
    0,
    0,
    0,
    0,
    0,
    0,
    0,
    0,
    0,
    0,
    0,
    0,
    0,
    0,
    0,
    0,
    0,
    0,
    0,
    0,
    0,
    0,
    0,
    0,
    0,
    0,
    0,
    0,
    0,
    0,
    0,
    0,
    0,
    0,
    0,
    0,
    0,
    0,
    0,
    0,
    0
  ],
  "source_index": [
    12,
    12,
    27,
    27,
    28,
    28,
    43,
    43,
    83,
    83,
    89,
    89,
    95,
    95,
    102,
    102,
    2060,
    2060,
    2075,
    2075,
    2076,
    2076,
    2091,
    2091,
    2131,
    2131,
    2137,
    2137,
    2143,
    2143,
    2150,
    2150,
    4108,
    4108,
    4123,
    4123,
    4124,
    4124,
    4139,
    4139,
    4179,
    4179,
    4185,
    4185,
    4191,
    4191,
    4198,
    4198,
    6156,
    6156,
    6171,
    6171,
    6172,
    6172,
    6187,
    6187,
    6227,
    6227,
    6233,
    6233,
    6239,
    6239,
    6246,
    6246,
    8204,
    8204,
    8219,
    8219,
    8220,
    8220,
    8235,
    8235,
    8275,
    8275,
    8281,
    8281,
    8287,
    8287,
    8294,
    8294
  ],
  "selection_index": [
    5,
    5,
    12,
    12,
    13,
    13,
    18,
    18,
    36,
    36,
    38,
    38,
    42,
    42,
    48,
    48,
    78,
    78,
    85,
    85,
    86,
    86,
    91,
    91,
    109,
    109,
    111,
    111,
    115,
    115,
    121,
    121,
    151,
    151,
    158,
    158,
    159,
    159,
    164,
    164,
    182,
    182,
    184,
    184,
    188,
    188,
    194,
    194,
    224,
    224,
    231,
    231,
    232,
    232,
    237,
    237,
    255,
    255,
    257,
    257,
    261,
    261,
    267,
    267,
    297,
    297,
    304,
    304,
    305,
    305,
    310,
    310,
    328,
    328,
    330,
    330,
    334,
    334,
    340,
    340
  ],
  "segment_key": [
    1,
    1,
    1,
    1,
    1,
    1,
    1,
    1,
    1,
    1,
    1,
    1,
    1,
    1,
    1,
    1,
    1,
    1,
    1,
    1,
    1,
    1,
    1,
    1,
    1,
    1,
    1,
    1,
    1,
    1,
    1,
    1,
    1,
    1,
    1,
    1,
    1,
    1,
    1,
    1,
    1,
    1,
    1,
    1,
    1,
    1,
    1,
    1,
    1,
    1,
    1,
    1,
    1,
    1,
    1,
    1,
    1,
    1,
    1,
    1,
    1,
    1,
    1,
    1,
    1,
    1,
    1,
    1,
    1,
    1,
    1,
    1,
    1,
    1,
    1,
    1,
    1,
    1,
    1,
    1
  ],
  "symmetry_variant": [
    0,
    1,
    0,
    1,
    0,
    1,
    0,
    1,
    0,
    1,
    0,
    1,
    0,
    1,
    0,
    1,
    0,
    1,
    0,
    1,
    0,
    1,
    0,
    1,
    0,
    1,
    0,
    1,
    0,
    1,
    0,
    1,
    0,
    1,
    0,
    1,
    0,
    1,
    0,
    1,
    0,
    1,
    0,
    1,
    0,
    1,
    0,
    1,
    0,
    1,
    0,
    1,
    0,
    1,
    0,
    1,
    0,
    1,
    0,
    1,
    0,
    1,
    0,
    1,
    0,
    1,
    0,
    1,
    0,
    1,
    0,
    1,
    0,
    1,
    0,
    1,
    0,
    1,
    0,
    1
  ],
  "offset_bin_value": [
    0.0039721764624118805,
    0.0039721764624118805,
    0.0039721764624118805,
    0.0039721764624118805,
    0.05958262085914612,
    0.05958262085914612,
    0.011916527524590492,
    0.011916527524590492,
    0.0039721764624118805,
    0.0039721764624118805,
    0.0039721764624118805,
    0.0039721764624118805,
    0.019860876724123955,
    0.019860876724123955,
    0.03574957326054573,
    0.03574957326054573,
    0.0039721764624118805,
    0.0039721764624118805,
    0.0039721764624118805,
    0.0039721764624118805,
    0.05958262085914612,
    0.05958262085914612,
    0.011916527524590492,
    0.011916527524590492,
    0.0039721764624118805,
    0.0039721764624118805,
    0.0039721764624118805,
    0.0039721764624118805,
    0.019860876724123955,
    0.019860876724123955,
    0.03574957326054573,
    0.03574957326054573,
    0.0039721764624118805,
    0.0039721764624118805,
    0.0039721764624118805,
    0.0039721764624118805,
    0.05958262085914612,
    0.05958262085914612,
    0.011916527524590492,
    0.011916527524590492,
    0.0039721764624118805,
    0.0039721764624118805,
    0.0039721764624118805,
    0.0039721764624118805,
    0.019860876724123955,
    0.019860876724123955,
    0.03574957326054573,
    0.03574957326054573,
    0.0039721764624118805,
    0.0039721764624118805,
    0.0039721764624118805,
    0.0039721764624118805,
    0.05958262085914612,
    0.05958262085914612,
    0.011916527524590492,
    0.011916527524590492,
    0.0039721764624118805,
    0.0039721764624118805,
    0.0039721764624118805,
    0.0039721764624118805,
    0.019860876724123955,
    0.019860876724123955,
    0.03574957326054573,
    0.03574957326054573,
    0.0039721764624118805,
    0.0039721764624118805,
    0.0039721764624118805,
    0.0039721764624118805,
    0.05958262085914612,
    0.05958262085914612,
    0.011916527524590492,
    0.011916527524590492,
    0.0039721764624118805,
    0.0039721764624118805,
    0.0039721764624118805,
    0.0039721764624118805,
    0.019860876724123955,
    0.019860876724123955,
    0.03574957326054573,
    0.03574957326054573
  ],
  "offset_bin_index": [
    0,
    0,
    0,
    0,
    7,
    7,
    1,
    1,
    0,
    0,
    0,
    0,
    2,
    2,
    4,
    4,
    0,
    0,
    0,
    0,
    7,
    7,
    1,
    1,
    0,
    0,
    0,
    0,
    2,
    2,
    4,
    4,
    0,
    0,
    0,
    0,
    7,
    7,
    1,
    1,
    0,
    0,
    0,
    0,
    2,
    2,
    4,
    4,
    0,
    0,
    0,
    0,
    7,
    7,
    1,
    1,
    0,
    0,
    0,
    0,
    2,
    2,
    4,
    4,
    0,
    0,
    0,
    0,
    7,
    7,
    1,
    1,
    0,
    0,
    0,
    0,
    2,
    2,
    4,
    4
  ],
  "built_pose_world_torc": [
    [
      [
        0.9113239049911499,
        0.1586221307516098,
        0.3799050450325012,
        0.6813608303815126
      ],
      [
        0.15360385179519653,
        -0.9871655702590942,
        0.04370420426130295,
        -0.17560060952508355
      ],
      [
        0.3819616436958313,
        0.018526194617152214,
        -0.9239925146102905,
        1.2415275821506977
      ],
      [
        0.0,
        0.0,
        0.0,
        1.0
      ]
    ],
    [
      [
        -0.9113239049911499,
        -0.1586221307516098,
        0.3799050450325012,
        0.6813608303815126
      ],
      [
        -0.15360385179519653,
        0.9871655702590942,
        0.04370420426130295,
        -0.17560060952508355
      ],
      [
        -0.3819616436958313,
        -0.018526194617152214,
        -0.9239925146102905,
        1.2415275821506977
      ],
      [
        0.0,
        0.0,
        0.0,
        1.0
      ]
    ],
    [
      [
        0.9045320749282837,
        0.07678088545799255,
        0.41943609714508057,
        0.6771107733398676
      ],
      [
        0.05602744221687317,
        -0.9965274930000305,
        0.061596158891916275,
        -0.13746923978158737
      ],
      [
        0.42270901799201965,
        -0.03221575543284416,
        -0.9056927561759949,
        1.2395346039950847
      ],
      [
        0.0,
        0.0,
        0.0,
        1.0
      ]
    ],
    [
      [
        -0.9045320749282837,
        -0.07678088545799255,
        0.41943609714508057,
        0.6771107733398676
      ],
      [
        -0.05602744221687317,
        0.9965274930000305,
        0.061596158891916275,
        -0.13746923978158737
      ],
      [
        -0.42270901799201965,
        0.03221575543284416,
        -0.9056927561759949,
        1.2395346039950847
      ],
      [
        0.0,
        0.0,
        0.0,
        1.0
      ]
    ],
    [
      [
        -0.7109973430633545,
        0.5235118865966797,
        0.46948710083961487,
        0.6473791495114565
      ],
      [
        0.640570342540741,
        0.757607638835907,
        0.1253010779619217,
        -0.15950700525844003
      ],
      [
        -0.290090411901474,
        0.38982826471328735,
        -0.8740031123161316,
        1.2479353720366955
      ],
      [
        0.0,
        0.0,
        0.0,
        1.0
      ]
    ],
    [
      [
        0.7109973430633545,
        -0.5235118865966797,
        0.46948710083961487,
        0.6473791495114565
      ],
      [
        -0.640570342540741,
        -0.757607638835907,
        0.1253010779619217,
        -0.15950700525844003
      ],
      [
        0.290090411901474,
        -0.38982826471328735,
        -0.8740031123161316,
        1.2479353720366955
      ],
      [
        0.0,
        0.0,
        0.0,
        1.0
      ]
    ],
    [
      [
        0.935658872127533,
        0.11660323292016983,
        0.3330859839916229,
        0.6665816575437784
      ],
      [
        0.10346326231956482,
        -0.9929996132850647,
        0.056984223425388336,
        -0.16092972342574502
      ],
      [
        0.33739879727363586,
        -0.0188556257635355,
        -0.9411729574203491,
        1.2431549007117748
      ],
      [
        0.0,
        0.0,
        0.0,
        1.0
      ]
    ],
    [
      [
        -0.935658872127533,
        -0.11660323292016983,
        0.3330859839916229,
        0.6665816575437784
      ],
      [
        -0.10346326231956482,
        0.9929996132850647,
        0.056984223425388336,
        -0.16092972342574502
      ],
      [
        -0.33739879727363586,
        0.0188556257635355,
        -0.9411729574203491,
        1.2431549007117748
      ],
      [
        0.0,
        0.0,
        0.0,
        1.0
      ]
    ],
    [
      [
        0.8618883490562439,
        0.14849603176116943,
        0.48486846685409546,
        0.6704874977618456
      ],
      [
        0.14494431018829346,
        -0.9884130954742432,
        0.045062970370054245,
        -0.17574358244144822
      ],
      [
        0.485942006111145,
        0.031439684331417084,
        -0.8734253644943237,
        1.2563245618760586
      ],
      [
        0.0,
        0.0,
        0.0,
        1.0
      ]
    ],
    [
      [
        -0.8618883490562439,
        -0.14849603176116943,
        0.48486846685409546,
        0.6704874977618456
      ],
      [
        -0.14494431018829346,
        0.9884130954742432,
        0.045062970370054245,
        -0.17574358244144822
      ],
      [
        -0.485942006111145,
        -0.031439684331417084,
        -0.8734253644943237,
        1.2563245618760586
      ],
      [
        0.0,
        0.0,
        0.0,
        1.0
      ]
    ],
    [
      [
        0.9298892021179199,
        0.14393334090709686,
        0.3385104537010193,
        0.6656118750721216
      ],
      [
        0.13769711554050446,
        -0.9895620346069336,
        0.04250359162688255,
        -0.17548122514688874
      ],
      [
        0.3410947918891907,
        0.007088284939527512,
        -0.9400022029876709,
        1.2431602651298046
      ],
      [
        0.0,
        0.0,
        0.0,
        1.0
      ]
    ],
    [
      [
        -0.9298892021179199,
        -0.14393334090709686,
        0.3385104537010193,
        0.6656118750721216
      ],
      [
        -0.13769711554050446,
        0.9895620346069336,
        0.04250359162688255,
        -0.17548122514688874
      ],
      [
        -0.3410947918891907,
        -0.007088284939527512,
        -0.9400022029876709,
        1.2431602651298046
      ],
      [
        0.0,
        0.0,
        0.0,
        1.0
      ]
    ],
    [
      [
        0.927690863609314,
        0.13072805106639862,
        0.34971389174461365,
        0.685465742662549
      ],
      [
        0.11866400390863419,
        -0.9913650751113892,
        0.055804770439863205,
        -0.16473590467774774
      ],
      [
        0.3539893925189972,
        -0.010271122679114342,
        -0.9351930022239685,
        1.2425469184339046
      ],
      [
        0.0,
        0.0,
        0.0,
        1.0
      ]
    ],
    [
      [
        -0.927690863609314,
        -0.13072805106639862,
        0.34971389174461365,
        0.685465742662549
      ],
      [
        -0.11866400390863419,
        0.9913650751113892,
        0.055804770439863205,
        -0.16473590467774774
      ],
      [
        -0.3539893925189972,
        0.010271122679114342,
        -0.9351930022239685,
