{
  "type": "success",
  "cmd": "infer_lowlevel",
  "command_version": "cgn_zmq_infer_lowlevel_v1",
  "evidence_level": "proven",
  "input_source": "/mnt/ssd/ziyaochen/torc_franka_lift3d_pipeline_v2/phase4_artifacts/cgn_lowlevel/obj_000012_0.input.npz",
  "input_point_cloud_frame": "fresh_capture_mujoco_world",
  "output_frame": "fresh_capture_mujoco_world",
  "units": {
    "translation": "meters",
    "directions": "unitless_normalized"
  },
  "checkpoint_dir": "/home/ziyaochen/gc6d_lift3d_traj/ros_workspace/src/contact_graspnet_ros/checkpoints/scene_test_2048_bs3_hor_sigma_001",
  "model_status": {
    "type": "success",
    "model_loaded": true,
    "load_elapsed_sec": 17.076117992401123,
    "load_error": null,
    "checkpoint_dir": "/home/ziyaochen/gc6d_lift3d_traj/ros_workspace/src/contact_graspnet_ros/checkpoints/scene_test_2048_bs3_hor_sigma_001",
    "contact_root": "/home/ziyaochen/gc6d_lift3d_franka_7d_generation/third_party/contact_graspnet",
    "cuda_visible_devices": "1",
    "pid": 4020616
  },
  "num_candidates": 30,
  "contact_point_world": [
    [
      0.6442840123683214,
      -0.07746669781641102,
      1.146610021777451
    ],
    [
      0.6442840123683214,
      -0.07746669781641102,
      1.146610021777451
    ],
    [
      0.6242840314418078,
      -0.07746669781641102,
      1.146610021777451
    ],
    [
      0.6242840314418078,
      -0.07746669781641102,
      1.146610021777451
    ],
    [
      0.6442840123683214,
      -0.1174667025102768,
      1.1666100017726422
    ],
    [
      0.6442840123683214,
      -0.1174667025102768,
      1.1666100017726422
    ],
    [
      0.6442840123683214,
      -0.07746669781641102,
      1.146610021777451
    ],
    [
      0.6442840123683214,
      -0.07746669781641102,
      1.146610021777451
    ],
    [
      0.6242840314418078,
      -0.07746669781641102,
      1.146610021777451
    ],
    [
      0.6242840314418078,
      -0.07746669781641102,
      1.146610021777451
    ],
    [
      0.6442840123683214,
      -0.1174667025102768,
      1.1666100017726422
    ],
    [
      0.6442840123683214,
      -0.1174667025102768,
      1.1666100017726422
    ],
    [
      0.6442840123683214,
      -0.07746669781641102,
      1.146610021777451
    ],
    [
      0.6442840123683214,
      -0.07746669781641102,
      1.146610021777451
    ],
    [
      0.6242840314418078,
      -0.07746669781641102,
      1.146610021777451
    ],
    [
      0.6242840314418078,
      -0.07746669781641102,
      1.146610021777451
    ],
    [
      0.6442840123683214,
      -0.1174667025102768,
      1.1666100017726422
    ],
    [
      0.6442840123683214,
      -0.1174667025102768,
      1.1666100017726422
    ],
    [
      0.6442840123683214,
      -0.07746669781641102,
      1.146610021777451
    ],
    [
      0.6442840123683214,
      -0.07746669781641102,
      1.146610021777451
    ],
    [
      0.6242840314418078,
      -0.07746669781641102,
      1.146610021777451
    ],
    [
      0.6242840314418078,
      -0.07746669781641102,
      1.146610021777451
    ],
    [
      0.6442840123683214,
      -0.1174667025102768,
      1.1666100017726422
    ],
    [
      0.6442840123683214,
      -0.1174667025102768,
      1.1666100017726422
    ],
    [
      0.6442840123683214,
      -0.07746669781641102,
      1.146610021777451
    ],
    [
      0.6442840123683214,
      -0.07746669781641102,
      1.146610021777451
    ],
    [
      0.6242840314418078,
      -0.07746669781641102,
      1.146610021777451
    ],
    [
      0.6242840314418078,
      -0.07746669781641102,
      1.146610021777451
    ],
    [
      0.6442840123683214,
      -0.1174667025102768,
      1.1666100017726422
    ],
    [
      0.6442840123683214,
      -0.1174667025102768,
      1.1666100017726422
    ]
  ],
  "approach_dir_world": [
    [
      0.4877590239048004,
      0.027448933571577072,
      -0.8725466728210449
    ],
    [
      0.4877590239048004,
      0.027448933571577072,
      -0.8725466728210449
    ],
    [
      0.3958319127559662,
      0.06076774001121521,
      -0.9163102507591248
    ],
    [
      0.3958319127559662,
      0.06076774001121521,
      -0.9163102507591248
    ],
    [
      0.5119470357894897,
      0.04433189705014229,
      -0.8578723073005676
    ],
    [
      0.5119470357894897,
      0.04433189705014229,
      -0.8578723073005676
    ],
    [
      0.4877590239048004,
      0.027448933571577072,
      -0.8725466728210449
    ],
    [
      0.4877590239048004,
      0.027448933571577072,
      -0.8725466728210449
    ],
    [
      0.3958319127559662,
      0.06076774001121521,
      -0.9163102507591248
    ],
    [
      0.3958319127559662,
      0.06076774001121521,
      -0.9163102507591248
    ],
    [
      0.5119470357894897,
      0.04433189705014229,
      -0.8578723073005676
    ],
    [
      0.5119470357894897,
      0.04433189705014229,
      -0.8578723073005676
    ],
    [
      0.4877590239048004,
      0.027448933571577072,
      -0.8725466728210449
    ],
    [
      0.4877590239048004,
      0.027448933571577072,
      -0.8725466728210449
    ],
    [
      0.3958319127559662,
      0.06076774001121521,
      -0.9163102507591248
    ],
    [
      0.3958319127559662,
      0.06076774001121521,
      -0.9163102507591248
    ],
    [
      0.5119470357894897,
      0.04433189705014229,
      -0.8578723073005676
    ],
    [
      0.5119470357894897,
      0.04433189705014229,
      -0.8578723073005676
    ],
    [
      0.4877590239048004,
      0.027448933571577072,
      -0.8725466728210449
    ],
    [
      0.4877590239048004,
      0.027448933571577072,
      -0.8725466728210449
    ],
    [
      0.3958319127559662,
      0.06076774001121521,
      -0.9163102507591248
    ],
    [
      0.3958319127559662,
      0.06076774001121521,
      -0.9163102507591248
    ],
    [
      0.5119470357894897,
      0.04433189705014229,
      -0.8578723073005676
    ],
    [
      0.5119470357894897,
      0.04433189705014229,
      -0.8578723073005676
    ],
    [
      0.4877590239048004,
      0.027448933571577072,
      -0.8725466728210449
    ],
    [
      0.4877590239048004,
      0.027448933571577072,
      -0.8725466728210449
    ],
    [
      0.3958319127559662,
      0.06076774001121521,
      -0.9163102507591248
    ],
    [
      0.3958319127559662,
      0.06076774001121521,
      -0.9163102507591248
    ],
    [
      0.5119470357894897,
      0.04433189705014229,
      -0.8578723073005676
    ],
    [
      0.5119470357894897,
      0.04433189705014229,
      -0.8578723073005676
    ]
  ],
  "base_dir_world": [
    [
      -0.262584388256073,
      -0.9486053586006165,
      -0.17662793397903442
    ],
    [
      0.262584388256073,
      0.9486053586006165,
      0.17662793397903442
    ],
    [
      0.04861069470643997,
      -0.997795820236206,
      -0.04517260938882828
    ],
    [
      -0.04861069470643997,
      0.997795820236206,
      0.04517260938882828
    ],
    [
      -0.05364755168557167,
      0.998367965221405,
      0.01957733742892742
    ],
    [
      0.05364755168557167,
      -0.998367965221405,
      -0.01957733742892742
    ],
    [
      -0.262584388256073,
      -0.9486053586006165,
      -0.17662793397903442
    ],
    [
      0.262584388256073,
      0.9486053586006165,
      0.17662793397903442
    ],
    [
      0.04861069470643997,
      -0.997795820236206,
      -0.04517260938882828
    ],
    [
      -0.04861069470643997,
      0.997795820236206,
      0.04517260938882828
    ],
    [
      -0.05364755168557167,
      0.998367965221405,
      0.01957733742892742
    ],
    [
      0.05364755168557167,
      -0.998367965221405,
      -0.01957733742892742
    ],
    [
      -0.262584388256073,
      -0.9486053586006165,
      -0.17662793397903442
    ],
    [
      0.262584388256073,
      0.9486053586006165,
      0.17662793397903442
    ],
    [
      0.04861069470643997,
      -0.997795820236206,
      -0.04517260938882828
    ],
    [
      -0.04861069470643997,
      0.997795820236206,
      0.04517260938882828
    ],
    [
      -0.05364755168557167,
      0.998367965221405,
      0.01957733742892742
    ],
    [
      0.05364755168557167,
      -0.998367965221405,
      -0.01957733742892742
    ],
    [
      -0.262584388256073,
      -0.9486053586006165,
      -0.17662793397903442
    ],
    [
      0.262584388256073,
      0.9486053586006165,
      0.17662793397903442
    ],
    [
      0.04861069470643997,
      -0.997795820236206,
      -0.04517260938882828
    ],
    [
      -0.04861069470643997,
      0.997795820236206,
      0.04517260938882828
    ],
    [
      -0.05364755168557167,
      0.998367965221405,
      0.01957733742892742
    ],
    [
      0.05364755168557167,
      -0.998367965221405,
      -0.01957733742892742
    ],
    [
      -0.262584388256073,
      -0.9486053586006165,
      -0.17662793397903442
    ],
    [
      0.262584388256073,
      0.9486053586006165,
      0.17662793397903442
    ],
    [
      0.04861069470643997,
      -0.997795820236206,
      -0.04517260938882828
    ],
    [
      -0.04861069470643997,
      0.997795820236206,
      0.04517260938882828
    ],
    [
      -0.05364755168557167,
      0.998367965221405,
      0.01957733742892742
    ],
    [
      0.05364755168557167,
      -0.998367965221405,
      -0.01957733742892742
    ]
  ],
  "gripper_opening": [
    0.05663827165961265,
    0.05663827165961265,
    0.04869392246007919,
    0.04869392246007919,
    0.04869392246007919,
    0.04869392246007919,
    0.05663827165961265,
    0.05663827165961265,
    0.04869392246007919,
    0.04869392246007919,
    0.04869392246007919,
    0.04869392246007919,
    0.05663827165961265,
    0.05663827165961265,
    0.04869392246007919,
    0.04869392246007919,
    0.04869392246007919,
    0.04869392246007919,
    0.05663827165961265,
    0.05663827165961265,
    0.04869392246007919,
    0.04869392246007919,
    0.04869392246007919,
    0.04869392246007919,
    0.05663827165961265,
    0.05663827165961265,
    0.04869392246007919,
    0.04869392246007919,
    0.04869392246007919,
    0.04869392246007919
  ],
  "score": [
    0.24908261001110077,
    0.24908261001110077,
    0.19596163928508759,
    0.19596163928508759,
    0.1874418556690216,
    0.1874418556690216,
    0.24908261001110077,
    0.24908261001110077,
    0.19596163928508759,
    0.19596163928508759,
    0.1874418556690216,
    0.1874418556690216,
    0.24908261001110077,
    0.24908261001110077,
    0.19596163928508759,
    0.19596163928508759,
    0.1874418556690216,
    0.1874418556690216,
    0.24908261001110077,
    0.24908261001110077,
    0.19596163928508759,
    0.19596163928508759,
    0.1874418556690216,
    0.1874418556690216,
    0.24908261001110077,
    0.24908261001110077,
    0.19596163928508759,
    0.19596163928508759,
    0.1874418556690216,
    0.1874418556690216
  ],
  "object_id": [
    0,
    0,
    0,
    0,
    0,
    0,
    0,
    0,
    0,
    0,
    0,
    0,
    0,
    0,
    0,
    0,
    0,
    0,
    0,
    0,
    0,
    0,
    0,
    0,
    0,
    0,
    0,
    0,
    0,
    0
  ],
  "source_index": [
    48,
    48,
    95,
    95,
    138,
    138,
    2096,
    2096,
    2143,
    2143,
    2186,
    2186,
    4144,
    4144,
    4191,
    4191,
    4234,
    4234,
    6192,
    6192,
    6239,
    6239,
    6282,
    6282,
    8240,
    8240,
    8287,
    8287,
    8330,
    8330
  ],
  "selection_index": [
    23,
    23,
    47,
    47,
    73,
    73,
    103,
    103,
    127,
    127,
    153,
    153,
    183,
    183,
    207,
    207,
    233,
    233,
    263,
    263,
    287,
    287,
    313,
    313,
    343,
    343,
    367,
    367,
    393,
    393
  ],
  "segment_key": [
    1,
    1,
    1,
    1,
    1,
    1,
    1,
    1,
    1,
    1,
    1,
    1,
    1,
    1,
    1,
    1,
    1,
    1,
    1,
    1,
    1,
    1,
    1,
    1,
    1,
    1,
    1,
    1,
    1,
    1
  ],
  "symmetry_variant": [
    0,
    1,
    0,
    1,
    0,
    1,
    0,
    1,
    0,
    1,
    0,
    1,
    0,
    1,
    0,
    1,
    0,
    1,
    0,
    1,
    0,
    1,
    0,
    1,
    0,
    1,
    0,
    1,
    0,
    1
  ],
  "offset_bin_value": [
    0.051638271659612656,
    0.051638271659612656,
    0.04369392246007919,
    0.04369392246007919,
    0.04369392246007919,
    0.04369392246007919,
    0.051638271659612656,
    0.051638271659612656,
    0.04369392246007919,
    0.04369392246007919,
    0.04369392246007919,
    0.04369392246007919,
    0.051638271659612656,
    0.051638271659612656,
    0.04369392246007919,
    0.04369392246007919,
    0.04369392246007919,
    0.04369392246007919,
    0.051638271659612656,
    0.051638271659612656,
    0.04369392246007919,
    0.04369392246007919,
    0.04369392246007919,
    0.04369392246007919,
    0.051638271659612656,
    0.051638271659612656,
    0.04369392246007919,
    0.04369392246007919,
    0.04369392246007919,
    0.04369392246007919
  ],
  "offset_bin_index": [
    6,
    6,
    5,
    5,
    5,
    5,
    6,
    6,
    5,
    5,
    5,
    5,
    6,
    6,
    5,
    5,
    5,
    5,
    6,
    6,
    5,
    5,
    5,
    5,
    6,
    6,
    5,
    5,
    5,
    5
  ],
  "built_pose_world_torc": [
    [
      [
        0.8325507044792175,
        -0.262584388256073,
        0.4877590239048004,
        0.5870700353890658
      ],
      [
        -0.31526899337768555,
        -0.9486053586006165,
        0.027448933571577072,
        -0.10479708892540074
      ],
      [
        0.45548316836357117,
        -0.17662793397903442,
        -0.8725466728210449,
        1.2322709627449513
      ],
      [
        0.0,
        0.0,
        0.0,
        1.0
      ]
    ],
    [
      [
        -0.8325507044792175,
        0.262584388256073,
        0.4877590239048004,
        0.5870700353890658
      ],
      [
        0.31526899337768555,
        0.9486053586006165,
        0.027448933571577072,
        -0.10479708892540074
      ],
      [
        -0.45548316836357117,
        0.17662793397903442,
        -0.8725466728210449,
        1.2322709627449513
      ],
      [
        0.0,
        0.0,
        0.0,
        1.0
      ]
    ],
    [
      [
        0.9170355796813965,
        0.04861069470643997,
        0.3958319127559662,
        0.5844170028477907
      ],
      [
        0.026661718264222145,
        -0.997795820236206,
        0.06076774001121521,
        -0.10554888603524304
      ],
      [
        0.39791339635849,
        -0.04517260938882828,
        -0.9163102507591248,
        1.2403696171939373
      ],
      [
        0.0,
        0.0,
        0.0,
        1.0
      ]
    ],
    [
      [
        -0.9170355796813965,
        -0.04861069470643997,
        0.3958319127559662,
        0.5844170028477907
      ],
      [
        -0.026661718264222145,
        0.997795820236206,
        0.06076774001121521,
        -0.10554888603524304
      ],
      [
        -0.39791339635849,
        0.04517260938882828,
        -0.9163102507591248,
        1.2403696171939373
      ],
      [
        0.0,
        0.0,
        0.0,
        1.0
      ]
    ],
    [
      [
        -0.8573401570320129,
        -0.05364755168557167,
        0.5119470357894897,
        0.5901766518265009
      ],
      [
        -0.03600018844008446,
        0.998367965221405,
        0.04433189705014229,
        -0.10023931545452214
      ],
      [
        -0.513489842414856,
        0.01957733742892742,
        -0.8578723073005676,
        1.2557417072355748
      ],
      [
        0.0,
        0.0,
        0.0,
        1.0
      ]
    ],
    [
      [
        0.8573401570320129,
        0.05364755168557167,
        0.5119470357894897,
        0.5901766518265009
      ],
      [
        0.03600018844008446,
        -0.998367965221405,
        0.04433189705014229,
        -0.10023931545452214
      ],
      [
        0.513489842414856,
        -0.01957733742892742,
        -0.8578723073005676,
        1.2557417072355748
      ],
      [
        0.0,
        0.0,
        0.0,
        1.0
      ]
    ],
    [
      [
        0.8325507044792175,
        -0.262584388256073,
        0.4877590239048004,
        0.5870700353890658
      ],
      [
        -0.31526899337768555,
        -0.9486053586006165,
        0.027448933571577072,
        -0.10479708892540074
      ],
      [
        0.45548316836357117,
        -0.17662793397903442,
        -0.8725466728210449,
        1.2322709627449513
      ],
      [
        0.0,
        0.0,
        0.0,
        1.0
      ]
    ],
    [
      [
        -0.8325507044792175,
        0.262584388256073,
        0.4877590239048004,
        0.5870700353890658
      ],
      [
        0.31526899337768555,
        0.9486053586006165,
        0.027448933571577072,
        -0.10479708892540074
      ],
      [
        -0.45548316836357117,
        0.17662793397903442,
        -0.8725466728210449,
        1.2322709627449513
      ],
      [
        0.0,
        0.0,
        0.0,
        1.0
      ]
    ],
    [
      [
        0.9170355796813965,
        0.04861069470643997,
        0.3958319127559662,
        0.5844170028477907
      ],
      [
        0.026661718264222145,
        -0.997795820236206,
        0.06076774001121521,
        -0.10554888603524304
      ],
      [
        0.39791339635849,
        -0.04517260938882828,
        -0.9163102507591248,
        1.2403696171939373
      ],
      [
        0.0,
        0.0,
        0.0,
        1.0
      ]
    ],
    [
      [
        -0.9170355796813965,
        -0.04861069470643997,
        0.3958319127559662,
        0.5844170028477907
      ],
      [
        -0.026661718264222145,
        0.997795820236206,
        0.06076774001121521,
        -0.10554888603524304
      ],
      [
        -0.39791339635849,
        0.04517260938882828,
        -0.9163102507591248,
        1.2403696171939373
      ],
      [
        0.0,
        0.0,
        0.0,
        1.0
      ]
    ],
    [
      [
        -0.8573401570320129,
        -0.05364755168557167,
        0.5119470357894897,
        0.5901766518265009
      ],
      [
        -0.03600018844008446,
        0.998367965221405,
        0.04433189705014229,
        -0.10023931545452214
      ],
      [
        -0.513489842414856,
        0.01957733742892742,
        -0.8578723073005676,
        1.2557417072355748
      ],
      [
        0.0,
        0.0,
        0.0,
        1.0
      ]
    ],
    [
      [
        0.8573401570320129,
        0.05364755168557167,
        0.5119470357894897,
        0.5901766518265009
      ],
      [
        0.03600018844008446,
        -0.998367965221405,
        0.04433189705014229,
        -0.10023931545452214
      ],
      [
        0.513489842414856,
        -0.01957733742892742,
        -0.8578723073005676,
        1.2557417072355748
      ],
      [
        0.0,
        0.0,
        0.0,
        1.0
      ]
    ],
    [
      [
        0.8325507044792175,
        -0.262584388256073,
        0.4877590239048004,
        0.5870700353890658
      ],
      [
        -0.31526899337768555,
        -0.9486053586006165,
        0.027448933571577072,
        -0.10479708892540074
      ],
      [
        0.45548316836357117,
        -0.17662793397903442,
        -0.8725466728210449,
        1.2322709627449513
      ],
      [
        0.0,
        0.0,
        0.0,
        1.0
      ]
    ],
    [
      [
        -0.8325507044792175,
        0.262584388256073,
        0.4877590239048004,
        0.5870700353890658
      ],
      [
        0.31526899337768555,
        0.9486053586006165,
        0.027448933571577072,
        -0.10479708892540074
      ],
      [
        -0.45548316836357117,
        0.17662793397903442,
        -0.8725466728210449,
        1.2322709627449513
      ],
      [
        0.0,
        0.0,
        0.0,
        1.0
      ]
    ],
    [
      [
        0.9170355796813965,
        0.04861069470643997,
        0.3958319127559662,
        0.5844170028477907
      ],
      [
        0.026661718264222145,
        -0.997795820236206,
        0.06076774001121521,
        -0.10554888603524304
      ],
      [
        0.39791339635849,
        -0.04517260938882828,
        -0.9163102507591248,
        1.2403696171939373
      ],
      [
        0.0,
        0.0,
        0.0,
        1.0
      ]
    ],
    [
      [
        -0.9170355796813965,
        -0.04861069470643997,
        0.3958319127559662,
        0.5844170028477907
      ],
      [
        -0.026661718264222145,
        0.997795820236206,
        0.06076774001121521,
        -0.10554888603524304
      ],
      [
        -0.39791339635849,
        0.04517260938882828,
        -0.9163102507591248,
        1.2403696171939373
      ],
      [
        0.0,
        0.0,
        0.0,
        1.0
      ]
    ],
    [
      [
        -0.8573401570320129,
        -0.05364755168557167,
        0.5119470357894897,
        0.5901766518265009
      ],
      [
        -0.03600018844008446,
        0.998367965221405,
        0.04433189705014229,
        -0.10023931545452214
      ],
      [
        -0.513489842414856,
        0.01957733742892742,
        -0.8578723073005676,
        1.2557417072355748
      ],
      [
        0.0,
        0.0,
        0.0,
        1.0
      ]
    ],
    [
      [
        0.8573401570320129,
        0.05364755168557167,
        0.5119470357894897,
        0.5901766518265009
      ],
      [
        0.03600018844008446,
        -0.998367965221405,
        0.04433189705014229,
        -0.10023931545452214
      ],
      [
        0.513489842414856,
        -0.01957733742892742,
        -0.8578723073005676,
        1.2557417072355748
      ],
      [
        0.0,
        0.0,
        0.0,
        1.0
      ]
    ],
    [
      [
        0.8325507044792175,
        -0.262584388256073,
        0.4877590239048004,
        0.5870700353890658
      ],
      [
        -0.31526899337768555,
        -0.9486053586006165,
        0.027448933571577072,
        -0.10479708892540074
      ],
      [
        0.45548316836357117,
        -0.17662793397903442,
        -0.8725466728210449,
        1.2322709627449513
      ],
      [
        0.0,
        0.0,
        0.0,
        1.0
      ]
    ],
    [
      [
        -0.8325507044792175,
        0.262584388256073,
        0.4877590239048004,
        0.5870700353890658
      ],
      [
        0.31526899337768555,
        0.9486053586006165,
        0.027448933571577072,
        -0.10479708892540074
      ],
      [
        -0.45548316836357117,
        0.17662793397903442,
        -0.8725466728210449,
        1.2322709627449513
      ],
      [
        0.0,
        0.0,
        0.0,
        1.0
      ]
    ],
    [
      [
        0.9170355796813965,
        0.04861069470643997,
        0.3958319127559662,
        0.5844170028477907
      ],
      [
        0.026661718264222145,
        -0.997795820236206,
        0.06076774001121521,
        -0.10554888603524304
      ],
      [
        0.39791339635849,
        -0.04517260938882828,
        -0.9163102507591248,
        1.2403696171939373
      ],
      [
        0.0,
        0.0,
        0.0,
        1.0
      ]
    ],
    [
      [
        -0.9170355796813965,
        -0.04861069470643997,
        0.3958319127559662,
        0.5844170028477907
      ],
      [
        -0.026661718264222145,
        0.997795820236206,
        0.06076774001121521,
        -0.10554888603524304
      ],
      [
        -0.39791339635849,
        0.04517260938882828,
        -0.9163102507591248,
        1.2403696171939373
      ],
      [
        0.0,
        0.0,
        0.0,
        1.0
      ]
    ],
    [
      [
        -0.8573401570320129,
        -0.05364755168557167,
        0.5119470357894897,
        0.5901766518265009
      ],
      [
        -0.03600018844008446,
        0.998367965221405,
        0.04433189705014229,
        -0.10023931545452214
      ],
      [
        -0.513489842414856,
        0.01957733742892742,
        -0.8578723073005676,
        1.2557417072355748
      ],
      [
        0.0,
        0.0,
        0.0,
        1.0
      ]
    ],
    [
      [
        0.8573401570320129,
        0.05364755168557167,
        0.5119470357894897,
        0.5901766518265009
      ],
      [
        0.03600018844008446,
        -0.998367965221405,
        0.04433189705014229,
        -0.10023931545452214
      ],
      [
        0.513489842414856,
        -0.01957733742892742,
        -0.8578723073005676,
        1.2557417072355748
      ],
      [
        0.0,
        0.0,
        0.0,
        1.0
      ]
    ],
    [
      [
        0.8325507044792175,
        -0.262584388256073,
        0.4877590239048004,
        0.5870700353890658
      ],
      [
        -0.31526899337768555,
        -0.9486053586006165,
        0.027448933571577072,
        -0.10479708892540074
      ],
      [
        0.45548316836357117,
        -0.17662793397903442,
        -0.8725466728210449,
        1.2322709627449513
      ],
      [
        0.0,
        0.0,
        0.0,
        1.0
      ]
    ],
    [
      [
        -0.8325507044792175,
        0.262584388256073,
        0.4877590239048004,
        0.5870700353890658
      ],
      [
        0.31526899337768555,
        0.9486053586006165,
        0.027448933571577072,
        -0.10479708892540074
      ],
      [
        -0.45548316836357117,
        0.17662793397903442,
        -0.8725466728210449,
        1.2322709627449513
      ],
      [
        0.0,
        0.0,
        0.0,
        1.0
      ]
    ],
    [
      [
        0.9170355796813965,
        0.04861069470643997,
        0.3958319127559662,
        0.5844170028477907
      ],
      [
        0.026661718264222145,
        -0.997795820236206,
        0.06076774001121521,
        -0.10554888603524304
      ],
      [
        0.39791339635849,
        -0.04517260938882828,
        -0.9163102507591248,
        1.2403696171939373
      ],
      [
        0.0,
        0.0,
        0.0,
        1.0
      ]
    ],
    [
      [
        -0.9170355796813965,
        -0.04861069470643997,
        0.3958319127559662,
        0.5844170028477907
      ],
      [
        -0.026661718264222145,
        0.997795820236206,
        0.06076774001121521,
        -0.10554888603524304
      ],
      [
        -0.39791339635849,
        0.04517260938882828,
        -0.9163102507591248,
        1.2403696171939373
      ],
      [
        0.0,
        0.0,
        0.0,
        1.0
      ]
    ],
    [
      [
        -0.8573401570320129,
        -0.05364755168557167,
        0.5119470357894897,
        0.5901766518265009
      ],
      [
        -0.03600018844008446,
        0.998367965221405,
        0.04433189705014229,
        -0.10023931545452214
      ],
      [
        -0.513489842414856,
        0.01957733742892742,
        -0.8578723073005676,
        1.2557417072355748
      ],
      [
        0.0,
        0.0,
        0.0,
        1.0
      ]
    ],
    [
      [
        0.8573401570320129,
        0.05364755168557167,
        0.5119470357894897,
        0.5901766518265009
      ],
      [
        0.03600018844008446,
        -0.998367965221405,
        0.04433189705014229,
        -0.10023931545452214
      ],
      [
        0.513489842414856,
        -0.01957733742892742,
        -0.8578723073005676,
        1.2557417072355748
      ],
      [
        0.0,
        0.0,
        0.0,
        1.0
      ]
    ]
  ],
  "elapsed_sec": 0.15180706977844238,
  "source_field_audit": {
    "contact_point_world": {
      "source_variable": "model_ops['pred_points'] -> contact_point, after CGN convert_cam_coords and FRAME_ROTATE.T",
      "shape": "N x 3",
      "frame": "fresh_capture_mujoco_world",
      "units": "meters",
      "evidence": "proven_source_tensor_fetch"
    },
    "approach_dir_world": {
      "source_variable": "model_ops['approach_dir_pred'] -> approach_dir, after CGN convert_cam_coords and FRAME_ROTATE.T",
      "shape": "N x 3",
      "frame": "fresh_capture_mujoco_world",
      "units": "unit vector",
      "evidence": "proven_source_tensor_fetch"
    },
    "base_dir_world": {
      "source_variable": "model_ops['grasp_dir_pred'] -> base_dir, after CGN convert_cam_coords, FRAME_ROTATE.T, plus ROTATE_Z symmetry duplicate sign flip",
      "shape": "N x 3",
      "frame": "fresh_capture_mujoco_world",
      "units": "unit vector",
      "evidence": "proven_source_tensor_fetch"
    },
    "gripper_opening": {
      "source_variable": "min(model_ops['offset_bin_pred_vals'] + TEST.extra_opening, DATA.gripper_width)",
      "shape": "N",
      "frame": "not_applicable",
      "units": "meters",
      "evidence": "proven_source_tensor_fetch_and_config_formula"
    },
    "score": {
      "source_variable": "model_ops['binary_seg_pred']",
      "shape": "N",
      "frame": "not_applicable",
      "units": "unitless confidence",
      "evidence": "proven_source_tensor_fetch"
    },
    "object_id": {
      "source_variable": "pc_segments key - 1 after mask-bit grouping and CGN filter_segment",
      "shape": "N",
      "frame": "segmentation namespace",
      "units": "integer segment/object id",
      "evidence": "proven_source_mapping"
    },
    "source_index": {
      "source_variable": "selected CGN source tensor index before filter_segment",
      "shape": "N",
      "frame": "CGN selected tensor index",
      "units": "integer",
      "evidence": "proven_source_mapping"
    },
    "selection_index": {
      "source_variable": "position in selected/filter_segment candidate list",
      "shape": "N",
      "frame": "CGN selected candidate order",
      "units": "integer",
      "evidence": "proven_source_mapping"
    }
  },
  "client_elapsed_sec": 0.1641983985900879
}