{
  "type": "success",
  "cmd": "infer_lowlevel",
  "command_version": "cgn_zmq_infer_lowlevel_v1",
  "evidence_level": "proven",
  "input_source": "/mnt/ssd/ziyaochen/torc_franka_lift3d_pipeline_v2/phase4_artifacts/cgn_lowlevel/obj_000065_0.input.npz",
  "input_point_cloud_frame": "fresh_capture_mujoco_world",
  "output_frame": "fresh_capture_mujoco_world",
  "units": {
    "translation": "meters",
    "directions": "unitless_normalized"
  },
  "checkpoint_dir": "/home/ziyaochen/gc6d_lift3d_traj/ros_workspace/src/contact_graspnet_ros/checkpoints/scene_test_2048_bs3_hor_sigma_001",
  "model_status": {
    "type": "success",
    "model_loaded": true,
    "load_elapsed_sec": 17.076117992401123,
    "load_error": null,
    "checkpoint_dir": "/home/ziyaochen/gc6d_lift3d_traj/ros_workspace/src/contact_graspnet_ros/checkpoints/scene_test_2048_bs3_hor_sigma_001",
    "contact_root": "/home/ziyaochen/gc6d_lift3d_franka_7d_generation/third_party/contact_graspnet",
    "cuda_visible_devices": "1",
    "pid": 4020616
  },
  "num_candidates": 80,
  "contact_point_world": [
    [
      0.7664570226490498,
      -0.05319089624946938,
      1.1156200170829893
    ],
    [
      0.7664570226490498,
      -0.05319089624946938,
      1.1156200170829893
    ],
    [
      0.8064569845020771,
      -0.05319089624946938,
      1.135619998009503
    ],
    [
      0.8064569845020771,
      -0.05319089624946938,
      1.135619998009503
    ],
    [
      0.8064569845020771,
      -0.0931909028059803,
      1.1156200170829893
    ],
    [
      0.8064569845020771,
      -0.0931909028059803,
      1.1156200170829893
    ],
    [
      0.7664570226490498,
      -0.05319089624946938,
      1.135619998009503
    ],
    [
      0.7664570226490498,
      -0.05319089624946938,
      1.135619998009503
    ],
    [
      0.8064569845020771,
      -0.0931909028059803,
      1.135619998009503
    ],
    [
      0.8064569845020771,
      -0.0931909028059803,
      1.135619998009503
    ],
    [
      0.7864570035755635,
      -0.05319089624946938,
      1.135619998009503
    ],
    [
      0.7864570035755635,
      -0.05319089624946938,
      1.135619998009503
    ],
    [
      0.7864570035755635,
      -0.0931909028059803,
      1.1156200170829893
    ],
    [
      0.7864570035755635,
      -0.0931909028059803,
      1.1156200170829893
    ],
    [
      0.8064569845020771,
      -0.05319089624946938,
      1.1156200170829893
    ],
    [
      0.8064569845020771,
      -0.05319089624946938,
      1.1156200170829893
    ],
    [
      0.7664570226490498,
      -0.05319089624946938,
      1.1156200170829893
    ],
    [
      0.7664570226490498,
      -0.05319089624946938,
      1.1156200170829893
    ],
    [
      0.8064569845020771,
      -0.05319089624946938,
      1.135619998009503
    ],
    [
      0.8064569845020771,
      -0.05319089624946938,
      1.135619998009503
    ],
    [
      0.8064569845020771,
      -0.0931909028059803,
      1.1156200170829893
    ],
    [
      0.8064569845020771,
      -0.0931909028059803,
      1.1156200170829893
    ],
    [
      0.7664570226490498,
      -0.05319089624946938,
      1.135619998009503
    ],
    [
      0.7664570226490498,
      -0.05319089624946938,
      1.135619998009503
    ],
    [
      0.8064569845020771,
      -0.0931909028059803,
      1.135619998009503
    ],
    [
      0.8064569845020771,
      -0.0931909028059803,
      1.135619998009503
    ],
    [
      0.7864570035755635,
      -0.05319089624946938,
      1.135619998009503
    ],
    [
      0.7864570035755635,
      -0.05319089624946938,
      1.135619998009503
    ],
    [
      0.7864570035755635,
      -0.0931909028059803,
      1.1156200170829893
    ],
    [
      0.7864570035755635,
      -0.0931909028059803,
      1.1156200170829893
    ],
    [
      0.8064569845020771,
      -0.05319089624946938,
      1.1156200170829893
    ],
    [
      0.8064569845020771,
      -0.05319089624946938,
      1.1156200170829893
    ],
    [
      0.7664570226490498,
      -0.05319089624946938,
      1.1156200170829893
    ],
    [
      0.7664570226490498,
      -0.05319089624946938,
      1.1156200170829893
    ],
    [
      0.8064569845020771,
      -0.05319089624946938,
      1.135619998009503
    ],
    [
      0.8064569845020771,
      -0.05319089624946938,
      1.135619998009503
    ],
    [
      0.8064569845020771,
      -0.0931909028059803,
      1.1156200170829893
    ],
    [
      0.8064569845020771,
      -0.0931909028059803,
      1.1156200170829893
    ],
    [
      0.7664570226490498,
      -0.05319089624946938,
      1.135619998009503
    ],
    [
      0.7664570226490498,
      -0.05319089624946938,
      1.135619998009503
    ],
    [
      0.8064569845020771,
      -0.0931909028059803,
      1.135619998009503
    ],
    [
      0.8064569845020771,
      -0.0931909028059803,
      1.135619998009503
    ],
    [
      0.7864570035755635,
      -0.05319089624946938,
      1.135619998009503
    ],
    [
      0.7864570035755635,
      -0.05319089624946938,
      1.135619998009503
    ],
    [
      0.7864570035755635,
      -0.0931909028059803,
      1.1156200170829893
    ],
    [
      0.7864570035755635,
      -0.0931909028059803,
      1.1156200170829893
    ],
    [
      0.8064569845020771,
      -0.05319089624946938,
      1.1156200170829893
    ],
    [
      0.8064569845020771,
      -0.05319089624946938,
      1.1156200170829893
    ],
    [
      0.7664570226490498,
      -0.05319089624946938,
      1.1156200170829893
    ],
    [
      0.7664570226490498,
      -0.05319089624946938,
      1.1156200170829893
    ],
    [
      0.8064569845020771,
      -0.05319089624946938,
      1.135619998009503
    ],
    [
      0.8064569845020771,
      -0.05319089624946938,
      1.135619998009503
    ],
    [
      0.8064569845020771,
      -0.0931909028059803,
      1.1156200170829893
    ],
    [
      0.8064569845020771,
      -0.0931909028059803,
      1.1156200170829893
    ],
    [
      0.7664570226490498,
      -0.05319089624946938,
      1.135619998009503
    ],
    [
      0.7664570226490498,
      -0.05319089624946938,
      1.135619998009503
    ],
    [
      0.8064569845020771,
      -0.0931909028059803,
      1.135619998009503
    ],
    [
      0.8064569845020771,
      -0.0931909028059803,
      1.135619998009503
    ],
    [
      0.7864570035755635,
      -0.05319089624946938,
      1.135619998009503
    ],
    [
      0.7864570035755635,
      -0.05319089624946938,
      1.135619998009503
    ],
    [
      0.7864570035755635,
      -0.0931909028059803,
      1.1156200170829893
    ],
    [
      0.7864570035755635,
      -0.0931909028059803,
      1.1156200170829893
    ],
    [
      0.8064569845020771,
      -0.05319089624946938,
      1.1156200170829893
    ],
    [
      0.8064569845020771,
      -0.05319089624946938,
      1.1156200170829893
    ],
    [
      0.7664570226490498,
      -0.05319089624946938,
      1.1156200170829893
    ],
    [
      0.7664570226490498,
      -0.05319089624946938,
      1.1156200170829893
    ],
    [
      0.8064569845020771,
      -0.05319089624946938,
      1.135619998009503
    ],
    [
      0.8064569845020771,
      -0.05319089624946938,
      1.135619998009503
    ],
    [
      0.8064569845020771,
      -0.0931909028059803,
      1.1156200170829893
    ],
    [
      0.8064569845020771,
      -0.0931909028059803,
      1.1156200170829893
    ],
    [
      0.7664570226490498,
      -0.05319089624946938,
      1.135619998009503
    ],
    [
      0.7664570226490498,
      -0.05319089624946938,
      1.135619998009503
    ],
    [
      0.8064569845020771,
      -0.0931909028059803,
      1.135619998009503
    ],
    [
      0.8064569845020771,
      -0.0931909028059803,
      1.135619998009503
    ],
    [
      0.7864570035755635,
      -0.05319089624946938,
      1.135619998009503
    ],
    [
      0.7864570035755635,
      -0.05319089624946938,
      1.135619998009503
    ],
    [
      0.7864570035755635,
      -0.0931909028059803,
      1.1156200170829893
    ],
    [
      0.7864570035755635,
      -0.0931909028059803,
      1.1156200170829893
    ],
    [
      0.8064569845020771,
      -0.05319089624946938,
      1.1156200170829893
    ],
    [
      0.8064569845020771,
      -0.05319089624946938,
      1.1156200170829893
    ]
  ],
  "approach_dir_world": [
    [
      0.21392476558685303,
      0.03391793370246887,
      -0.9762610197067261
    ],
    [
      0.21392476558685303,
      0.03391793370246887,
      -0.9762610197067261
    ],
    [
      0.4209582507610321,
      -0.0800207257270813,
      -0.9035434722900391
    ],
    [
      0.4209582507610321,
      -0.0800207257270813,
      -0.9035434722900391
    ],
    [
      0.20141464471817017,
      -0.04128607362508774,
      -0.9786356091499329
    ],
    [
      0.20141464471817017,
      -0.04128607362508774,
      -0.9786356091499329
    ],
    [
      0.2843964397907257,
      0.03740014135837555,
      -0.9579769372940063
    ],
    [
      0.2843964397907257,
      0.03740014135837555,
      -0.9579769372940063
    ],
    [
      0.33069947361946106,
      -0.02978210151195526,
      -0.9432660937309265
    ],
    [
      0.33069947361946106,
      -0.02978210151195526,
      -0.9432660937309265
    ],
    [
      0.45457911491394043,
      -0.00840172078460455,
      -0.8906667232513428
    ],
    [
      0.45457911491394043,
      -0.00840172078460455,
      -0.8906667232513428
    ],
    [
      0.3350266218185425,
      0.03921155259013176,
      -0.9413923621177673
    ],
    [
      0.3350266218185425,
      0.03921155259013176,
      -0.9413923621177673
    ],
    [
      0.3165644407272339,
      0.09938439726829529,
      -0.9433502554893494
    ],
    [
      0.3165644407272339,
      0.09938439726829529,
      -0.9433502554893494
    ],
    [
      0.21392476558685303,
      0.03391793370246887,
      -0.9762610197067261
    ],
    [
      0.21392476558685303,
      0.03391793370246887,
      -0.9762610197067261
    ],
    [
      0.4209582507610321,
      -0.0800207257270813,
      -0.9035434722900391
    ],
    [
      0.4209582507610321,
      -0.0800207257270813,
      -0.9035434722900391
    ],
    [
      0.20141464471817017,
      -0.04128607362508774,
      -0.9786356091499329
    ],
    [
      0.20141464471817017,
      -0.04128607362508774,
      -0.9786356091499329
    ],
    [
      0.2843964397907257,
      0.03740014135837555,
      -0.9579769372940063
    ],
    [
      0.2843964397907257,
      0.03740014135837555,
      -0.9579769372940063
    ],
    [
      0.33069947361946106,
      -0.02978210151195526,
      -0.9432660937309265
    ],
    [
      0.33069947361946106,
      -0.02978210151195526,
      -0.9432660937309265
    ],
    [
      0.45457911491394043,
      -0.00840172078460455,
      -0.8906667232513428
    ],
    [
      0.45457911491394043,
      -0.00840172078460455,
      -0.8906667232513428
    ],
    [
      0.3350266218185425,
      0.03921155259013176,
      -0.9413923621177673
    ],
    [
      0.3350266218185425,
      0.03921155259013176,
      -0.9413923621177673
    ],
    [
      0.3165644407272339,
      0.09938439726829529,
      -0.9433502554893494
    ],
    [
      0.3165644407272339,
      0.09938439726829529,
      -0.9433502554893494
    ],
    [
      0.21392476558685303,
      0.03391793370246887,
      -0.9762610197067261
    ],
    [
      0.21392476558685303,
      0.03391793370246887,
      -0.9762610197067261
    ],
    [
      0.4209582507610321,
      -0.0800207257270813,
      -0.9035434722900391
    ],
    [
      0.4209582507610321,
      -0.0800207257270813,
      -0.9035434722900391
    ],
    [
      0.20141464471817017,
      -0.04128607362508774,
      -0.9786356091499329
    ],
    [
      0.20141464471817017,
      -0.04128607362508774,
      -0.9786356091499329
    ],
    [
      0.2843964397907257,
      0.03740014135837555,
      -0.9579769372940063
    ],
    [
      0.2843964397907257,
      0.03740014135837555,
      -0.9579769372940063
    ],
    [
      0.33069947361946106,
      -0.02978210151195526,
      -0.9432660937309265
    ],
    [
      0.33069947361946106,
      -0.02978210151195526,
      -0.9432660937309265
    ],
    [
      0.45457911491394043,
      -0.00840172078460455,
      -0.8906667232513428
    ],
    [
      0.45457911491394043,
      -0.00840172078460455,
      -0.8906667232513428
    ],
    [
      0.3350266218185425,
      0.03921155259013176,
      -0.9413923621177673
    ],
    [
      0.3350266218185425,
      0.03921155259013176,
      -0.9413923621177673
    ],
    [
      0.3165644407272339,
      0.09938439726829529,
      -0.9433502554893494
    ],
    [
      0.3165644407272339,
      0.09938439726829529,
      -0.9433502554893494
    ],
    [
      0.21392476558685303,
      0.03391793370246887,
      -0.9762610197067261
    ],
    [
      0.21392476558685303,
      0.03391793370246887,
      -0.9762610197067261
    ],
    [
      0.4209582507610321,
      -0.0800207257270813,
      -0.9035434722900391
    ],
    [
      0.4209582507610321,
      -0.0800207257270813,
      -0.9035434722900391
    ],
    [
      0.20141464471817017,
      -0.04128607362508774,
      -0.9786356091499329
    ],
    [
      0.20141464471817017,
      -0.04128607362508774,
      -0.9786356091499329
    ],
    [
      0.2843964397907257,
      0.03740014135837555,
      -0.9579769372940063
    ],
    [
      0.2843964397907257,
      0.03740014135837555,
      -0.9579769372940063
    ],
    [
      0.33069947361946106,
      -0.02978210151195526,
      -0.9432660937309265
    ],
    [
      0.33069947361946106,
      -0.02978210151195526,
      -0.9432660937309265
    ],
    [
      0.45457911491394043,
      -0.00840172078460455,
      -0.8906667232513428
    ],
    [
      0.45457911491394043,
      -0.00840172078460455,
      -0.8906667232513428
    ],
    [
      0.3350266218185425,
      0.03921155259013176,
      -0.9413923621177673
    ],
    [
      0.3350266218185425,
      0.03921155259013176,
      -0.9413923621177673
    ],
    [
      0.3165644407272339,
      0.09938439726829529,
      -0.9433502554893494
    ],
    [
      0.3165644407272339,
      0.09938439726829529,
      -0.9433502554893494
    ],
    [
      0.21392476558685303,
      0.03391793370246887,
      -0.9762610197067261
    ],
    [
      0.21392476558685303,
      0.03391793370246887,
      -0.9762610197067261
    ],
    [
      0.4209582507610321,
      -0.0800207257270813,
      -0.9035434722900391
    ],
    [
      0.4209582507610321,
      -0.0800207257270813,
      -0.9035434722900391
    ],
    [
      0.20141464471817017,
      -0.04128607362508774,
      -0.9786356091499329
    ],
    [
      0.20141464471817017,
      -0.04128607362508774,
      -0.9786356091499329
    ],
    [
      0.2843964397907257,
      0.03740014135837555,
      -0.9579769372940063
    ],
    [
      0.2843964397907257,
      0.03740014135837555,
      -0.9579769372940063
    ],
    [
      0.33069947361946106,
      -0.02978210151195526,
      -0.9432660937309265
    ],
    [
      0.33069947361946106,
      -0.02978210151195526,
      -0.9432660937309265
    ],
    [
      0.45457911491394043,
      -0.00840172078460455,
      -0.8906667232513428
    ],
    [
      0.45457911491394043,
      -0.00840172078460455,
      -0.8906667232513428
    ],
    [
      0.3350266218185425,
      0.03921155259013176,
      -0.9413923621177673
    ],
    [
      0.3350266218185425,
      0.03921155259013176,
      -0.9413923621177673
    ],
    [
      0.3165644407272339,
      0.09938439726829529,
      -0.9433502554893494
    ],
    [
      0.3165644407272339,
      0.09938439726829529,
      -0.9433502554893494
    ]
  ],
  "base_dir_world": [
    [
      0.6374467611312866,
      -0.7621328830718994,
      0.11320296674966812
    ],
    [
      -0.6374467611312866,
      0.7621328830718994,
      -0.11320296674966812
    ],
    [
      -0.7782069444656372,
      -0.5436311960220337,
      -0.31441861391067505
    ],
    [
      0.7782069444656372,
      0.5436311960220337,
      0.31441861391067505
    ],
    [
      -0.5016412734985352,
      0.8537927269935608,
      -0.13926292955875397
    ],
    [
      0.5016412734985352,
      -0.8537927269935608,
      0.13926292955875397
    ],
    [
      0.3345770835876465,
      -0.9402857422828674,
      0.06261707097291946
    ],
    [
      -0.3345770835876465,
      0.9402857422828674,
      -0.06261707097291946
    ],
    [
      -0.7774421572685242,
      0.5580129027366638,
      -0.2901816964149475
    ],
    [
      0.7774421572685242,
      -0.5580129027366638,
      0.2901816964149475
    ],
    [
      -0.38839244842529297,
      -0.9017521142959595,
      -0.1897217184305191
    ],
    [
      0.38839244842529297,
      0.9017521142959595,
      0.1897217184305191
    ],
    [
      -0.4382014572620392,
      0.8909866809844971,
      -0.1188369169831276
    ],
    [
      0.4382014572620392,
      -0.8909866809844971,
      0.1188369169831276
    ],
    [
      -0.024999864399433136,
      -0.9932765960693359,
      -0.11303359270095825
    ],
    [
      0.024999864399433136,
      0.9932765960693359,
      0.11303359270095825
    ],
    [
      0.6374467611312866,
      -0.7621328830718994,
      0.11320296674966812
    ],
    [
      -0.6374467611312866,
      0.7621328830718994,
      -0.11320296674966812
    ],
    [
      -0.7782069444656372,
      -0.5436311960220337,
      -0.31441861391067505
    ],
    [
      0.7782069444656372,
      0.5436311960220337,
      0.31441861391067505
    ],
    [
      -0.5016412734985352,
      0.8537927269935608,
      -0.13926292955875397
    ],
    [
      0.5016412734985352,
      -0.8537927269935608,
      0.13926292955875397
    ],
    [
      0.3345770835876465,
      -0.9402857422828674,
      0.06261707097291946
    ],
    [
      -0.3345770835876465,
      0.9402857422828674,
      -0.06261707097291946
    ],
    [
      -0.7774421572685242,
      0.5580129027366638,
      -0.2901816964149475
    ],
    [
      0.7774421572685242,
      -0.5580129027366638,
      0.2901816964149475
    ],
    [
      -0.38839244842529297,
      -0.9017521142959595,
      -0.1897217184305191
    ],
    [
      0.38839244842529297,
      0.9017521142959595,
      0.1897217184305191
    ],
    [
      -0.4382014572620392,
      0.8909866809844971,
      -0.1188369169831276
    ],
    [
      0.4382014572620392,
      -0.8909866809844971,
      0.1188369169831276
    ],
    [
      -0.024999864399433136,
      -0.9932765960693359,
      -0.11303359270095825
    ],
    [
      0.024999864399433136,
      0.9932765960693359,
      0.11303359270095825
    ],
    [
      0.6374467611312866,
      -0.7621328830718994,
      0.11320296674966812
    ],
    [
      -0.6374467611312866,
      0.7621328830718994,
      -0.11320296674966812
    ],
    [
      -0.7782069444656372,
      -0.5436311960220337,
      -0.31441861391067505
    ],
    [
      0.7782069444656372,
      0.5436311960220337,
      0.31441861391067505
    ],
    [
      -0.5016412734985352,
      0.8537927269935608,
      -0.13926292955875397
    ],
    [
      0.5016412734985352,
      -0.8537927269935608,
      0.13926292955875397
    ],
    [
      0.3345770835876465,
      -0.9402857422828674,
      0.06261707097291946
    ],
    [
      -0.3345770835876465,
      0.9402857422828674,
      -0.06261707097291946
    ],
    [
      -0.7774421572685242,
      0.5580129027366638,
      -0.2901816964149475
    ],
    [
      0.7774421572685242,
      -0.5580129027366638,
      0.2901816964149475
    ],
    [
      -0.38839244842529297,
      -0.9017521142959595,
      -0.1897217184305191
    ],
    [
      0.38839244842529297,
      0.9017521142959595,
      0.1897217184305191
    ],
    [
      -0.4382014572620392,
      0.8909866809844971,
      -0.1188369169831276
    ],
    [
      0.4382014572620392,
      -0.8909866809844971,
      0.1188369169831276
    ],
    [
      -0.024999864399433136,
      -0.9932765960693359,
      -0.11303359270095825
    ],
    [
      0.024999864399433136,
      0.9932765960693359,
      0.11303359270095825
    ],
    [
      0.6374467611312866,
      -0.7621328830718994,
      0.11320296674966812
    ],
    [
      -0.6374467611312866,
      0.7621328830718994,
      -0.11320296674966812
    ],
    [
      -0.7782069444656372,
      -0.5436311960220337,
      -0.31441861391067505
    ],
    [
      0.7782069444656372,
      0.5436311960220337,
      0.31441861391067505
    ],
    [
      -0.5016412734985352,
      0.8537927269935608,
      -0.13926292955875397
    ],
    [
      0.5016412734985352,
      -0.8537927269935608,
      0.13926292955875397
    ],
    [
      0.3345770835876465,
      -0.9402857422828674,
      0.06261707097291946
    ],
    [
      -0.3345770835876465,
      0.9402857422828674,
      -0.06261707097291946
    ],
    [
      -0.7774421572685242,
      0.5580129027366638,
      -0.2901816964149475
    ],
    [
      0.7774421572685242,
      -0.5580129027366638,
      0.2901816964149475
    ],
    [
      -0.38839244842529297,
      -0.9017521142959595,
      -0.1897217184305191
    ],
    [
      0.38839244842529297,
      0.9017521142959595,
      0.1897217184305191
    ],
    [
      -0.4382014572620392,
      0.8909866809844971,
      -0.1188369169831276
    ],
    [
      0.4382014572620392,
      -0.8909866809844971,
      0.1188369169831276
    ],
    [
      -0.024999864399433136,
      -0.9932765960693359,
      -0.11303359270095825
    ],
    [
      0.024999864399433136,
      0.9932765960693359,
      0.11303359270095825
    ],
    [
      0.6374467611312866,
      -0.7621328830718994,
      0.11320296674966812
    ],
    [
      -0.6374467611312866,
      0.7621328830718994,
      -0.11320296674966812
    ],
    [
      -0.7782069444656372,
      -0.5436311960220337,
      -0.31441861391067505
    ],
    [
      0.7782069444656372,
      0.5436311960220337,
      0.31441861391067505
    ],
    [
      -0.5016412734985352,
      0.8537927269935608,
      -0.13926292955875397
    ],
    [
      0.5016412734985352,
      -0.8537927269935608,
      0.13926292955875397
    ],
    [
      0.3345770835876465,
      -0.9402857422828674,
      0.06261707097291946
    ],
    [
      -0.3345770835876465,
      0.9402857422828674,
      -0.06261707097291946
    ],
    [
      -0.7774421572685242,
      0.5580129027366638,
      -0.2901816964149475
    ],
    [
      0.7774421572685242,
      -0.5580129027366638,
      0.2901816964149475
    ],
    [
      -0.38839244842529297,
      -0.9017521142959595,
      -0.1897217184305191
    ],
    [
      0.38839244842529297,
      0.9017521142959595,
      0.1897217184305191
    ],
    [
      -0.4382014572620392,
      0.8909866809844971,
      -0.1188369169831276
    ],
    [
      0.4382014572620392,
      -0.8909866809844971,
      0.1188369169831276
    ],
    [
      -0.024999864399433136,
      -0.9932765960693359,
      -0.11303359270095825
    ],
    [
      0.024999864399433136,
      0.9932765960693359,
      0.11303359270095825
    ]
  ],
  "gripper_opening": [
    0.008972176462411881,
    0.008972176462411881,
    0.04869392246007919,
    0.04869392246007919,
    0.04869392246007919,
    0.04869392246007919,
    0.008972176462411881,
    0.008972176462411881,
    0.008972176462411881,
    0.008972176462411881,
    0.04869392246007919,
    0.04869392246007919,
    0.008972176462411881,
    0.008972176462411881,
    0.008972176462411881,
    0.008972176462411881,
    0.008972176462411881,
    0.008972176462411881,
    0.04869392246007919,
    0.04869392246007919,
    0.04869392246007919,
    0.04869392246007919,
    0.008972176462411881,
    0.008972176462411881,
    0.008972176462411881,
    0.008972176462411881,
    0.04869392246007919,
    0.04869392246007919,
    0.008972176462411881,
    0.008972176462411881,
    0.008972176462411881,
    0.008972176462411881,
    0.008972176462411881,
    0.008972176462411881,
    0.04869392246007919,
    0.04869392246007919,
    0.04869392246007919,
    0.04869392246007919,
    0.008972176462411881,
    0.008972176462411881,
    0.008972176462411881,
    0.008972176462411881,
    0.04869392246007919,
    0.04869392246007919,
    0.008972176462411881,
    0.008972176462411881,
    0.008972176462411881,
    0.008972176462411881,
    0.008972176462411881,
    0.008972176462411881,
    0.04869392246007919,
    0.04869392246007919,
    0.04869392246007919,
    0.04869392246007919,
    0.008972176462411881,
    0.008972176462411881,
    0.008972176462411881,
    0.008972176462411881,
    0.04869392246007919,
    0.04869392246007919,
    0.008972176462411881,
    0.008972176462411881,
    0.008972176462411881,
    0.008972176462411881,
    0.008972176462411881,
    0.008972176462411881,
    0.04869392246007919,
    0.04869392246007919,
    0.04869392246007919,
    0.04869392246007919,
    0.008972176462411881,
    0.008972176462411881,
    0.008972176462411881,
    0.008972176462411881,
    0.04869392246007919,
    0.04869392246007919,
    0.008972176462411881,
    0.008972176462411881,
    0.008972176462411881,
    0.008972176462411881
  ],
  "score": [
    0.26981422305107117,
    0.26981422305107117,
    0.24985851347446442,
    0.24985851347446442,
    0.21111993491649628,
    0.21111993491649628,
    0.21149088442325592,
    0.21149088442325592,
    0.1968836635351181,
    0.1968836635351181,
    0.23342221975326538,
    0.23342221975326538,
    0.19020535051822662,
    0.19020535051822662,
    0.1810774803161621,
    0.1810774803161621,
    0.26981422305107117,
    0.26981422305107117,
    0.24985851347446442,
    0.24985851347446442,
    0.21111993491649628,
    0.21111993491649628,
    0.21149088442325592,
    0.21149088442325592,
    0.1968836635351181,
    0.1968836635351181,
    0.23342221975326538,
    0.23342221975326538,
    0.19020535051822662,
    0.19020535051822662,
    0.1810774803161621,
    0.1810774803161621,
    0.26981422305107117,
    0.26981422305107117,
    0.24985851347446442,
    0.24985851347446442,
    0.21111993491649628,
    0.21111993491649628,
    0.21149088442325592,
    0.21149088442325592,
    0.1968836635351181,
    0.1968836635351181,
    0.23342221975326538,
    0.23342221975326538,
    0.19020535051822662,
    0.19020535051822662,
    0.1810774803161621,
    0.1810774803161621,
    0.26981422305107117,
    0.26981422305107117,
    0.24985851347446442,
    0.24985851347446442,
    0.21111993491649628,
    0.21111993491649628,
    0.21149088442325592,
    0.21149088442325592,
    0.1968836635351181,
    0.1968836635351181,
    0.23342221975326538,
    0.23342221975326538,
    0.19020535051822662,
    0.19020535051822662,
    0.1810774803161621,
    0.1810774803161621,
    0.26981422305107117,
    0.26981422305107117,
    0.24985851347446442,
    0.24985851347446442,
    0.21111993491649628,
    0.21111993491649628,
    0.21149088442325592,
    0.21149088442325592,
    0.1968836635351181,
    0.1968836635351181,
    0.23342221975326538,
    0.23342221975326538,
    0.19020535051822662,
    0.19020535051822662,
    0.1810774803161621,
    0.1810774803161621
  ],
  "object_id": [
    0,
    0,
    0,
    0,
    0,
    0,
    0,
    0,
    0,
    0,
    0,
    0,
    0,
    0,
    0,
    0,
    0,
    0,
    0,
    0,
    0,
    0,
    0,
    0,
    0,
    0,
    0,
    0,
    0,
    0,
    0,
    0,
    0,
    0,
    0,
    0,
    0,
    0,
    0,
    0,
    0,
    0,
    0,
    0,
    0,
    0,
    0,
    0,
    0,
    0,
    0,
    0,
    0,
    0,
    0,
    0,
    0,
    0,
    0,
    0,
    0,
    0,
    0,
    0,
    0,
    0,
    0,
    0,
    0,
    0,
    0,
    0,
    0,
    0,
    0,
    0,
    0,
    0,
    0,
    0
  ],
  "source_index": [
    11,
    11,
    17,
    17,
    49,
    49,
    68,
    68,
    70,
    70,
    93,
    93,
    101,
    101,
    111,
    111,
    2059,
    2059,
    2065,
    2065,
    2097,
    2097,
    2116,
    2116,
    2118,
    2118,
    2141,
    2141,
    2149,
    2149,
    2159,
    2159,
    4107,
    4107,
    4113,
    4113,
    4145,
    4145,
    4164,
    4164,
    4166,
    4166,
    4189,
    4189,
    4197,
    4197,
    4207,
    4207,
    6155,
    6155,
    6161,
    6161,
    6193,
    6193,
    6212,
    6212,
    6214,
    6214,
    6237,
    6237,
    6245,
    6245,
    6255,
    6255,
    8203,
    8203,
    8209,
    8209,
    8241,
    8241,
    8260,
    8260,
    8262,
    8262,
    8285,
    8285,
    8293,
    8293,
    8303,
    8303
  ],
  "selection_index": [
    3,
    3,
    6,
    6,
    17,
    17,
    24,
    24,
    26,
    26,
    31,
    31,
    36,
    36,
    42,
    42,
    52,
    52,
    55,
    55,
    66,
    66,
    73,
    73,
    75,
    75,
    80,
    80,
    85,
    85,
    91,
    91,
    101,
    101,
    104,
    104,
    115,
    115,
    122,
    122,
    124,
    124,
    129,
    129,
    134,
    134,
    140,
    140,
    150,
    150,
    153,
    153,
    164,
    164,
    171,
    171,
    173,
    173,
    178,
    178,
    183,
    183,
    189,
    189,
    199,
    199,
    202,
    202,
    213,
    213,
    220,
    220,
    222,
    222,
    227,
    227,
    232,
    232,
    238,
    238
  ],
  "segment_key": [
    1,
    1,
    1,
    1,
    1,
    1,
    1,
    1,
    1,
    1,
    1,
    1,
    1,
    1,
    1,
    1,
    1,
    1,
    1,
    1,
    1,
    1,
    1,
    1,
    1,
    1,
    1,
    1,
    1,
    1,
    1,
    1,
    1,
    1,
    1,
    1,
    1,
    1,
    1,
    1,
    1,
    1,
    1,
    1,
    1,
    1,
    1,
    1,
    1,
    1,
    1,
    1,
    1,
    1,
    1,
    1,
    1,
    1,
    1,
    1,
    1,
    1,
    1,
    1,
    1,
    1,
    1,
    1,
    1,
    1,
    1,
    1,
    1,
    1,
    1,
    1,
    1,
    1,
    1,
    1
  ],
  "symmetry_variant": [
    0,
    1,
    0,
    1,
    0,
    1,
    0,
    1,
    0,
    1,
    0,
    1,
    0,
    1,
    0,
    1,
    0,
    1,
    0,
    1,
    0,
    1,
    0,
    1,
    0,
    1,
    0,
    1,
    0,
    1,
    0,
    1,
    0,
    1,
    0,
    1,
    0,
    1,
    0,
    1,
    0,
    1,
    0,
    1,
    0,
    1,
    0,
    1,
    0,
    1,
    0,
    1,
    0,
    1,
    0,
    1,
    0,
    1,
    0,
    1,
    0,
    1,
    0,
    1,
    0,
    1,
    0,
    1,
    0,
    1,
    0,
    1,
    0,
    1,
    0,
    1,
    0,
    1,
    0,
    1
  ],
  "offset_bin_value": [
    0.0039721764624118805,
    0.0039721764624118805,
    0.04369392246007919,
    0.04369392246007919,
    0.04369392246007919,
    0.04369392246007919,
    0.0039721764624118805,
    0.0039721764624118805,
    0.0039721764624118805,
    0.0039721764624118805,
    0.04369392246007919,
    0.04369392246007919,
    0.0039721764624118805,
    0.0039721764624118805,
    0.0039721764624118805,
    0.0039721764624118805,
    0.0039721764624118805,
    0.0039721764624118805,
    0.04369392246007919,
    0.04369392246007919,
    0.04369392246007919,
    0.04369392246007919,
    0.0039721764624118805,
    0.0039721764624118805,
    0.0039721764624118805,
    0.0039721764624118805,
    0.04369392246007919,
    0.04369392246007919,
    0.0039721764624118805,
    0.0039721764624118805,
    0.0039721764624118805,
    0.0039721764624118805,
    0.0039721764624118805,
    0.0039721764624118805,
    0.04369392246007919,
    0.04369392246007919,
    0.04369392246007919,
    0.04369392246007919,
    0.0039721764624118805,
    0.0039721764624118805,
    0.0039721764624118805,
    0.0039721764624118805,
    0.04369392246007919,
    0.04369392246007919,
    0.0039721764624118805,
    0.0039721764624118805,
    0.0039721764624118805,
    0.0039721764624118805,
    0.0039721764624118805,
    0.0039721764624118805,
    0.04369392246007919,
    0.04369392246007919,
    0.04369392246007919,
    0.04369392246007919,
    0.0039721764624118805,
    0.0039721764624118805,
    0.0039721764624118805,
    0.0039721764624118805,
    0.04369392246007919,
    0.04369392246007919,
    0.0039721764624118805,
    0.0039721764624118805,
    0.0039721764624118805,
    0.0039721764624118805,
    0.0039721764624118805,
    0.0039721764624118805,
    0.04369392246007919,
    0.04369392246007919,
    0.04369392246007919,
    0.04369392246007919,
    0.0039721764624118805,
    0.0039721764624118805,
    0.0039721764624118805,
    0.0039721764624118805,
    0.04369392246007919,
    0.04369392246007919,
    0.0039721764624118805,
    0.0039721764624118805,
    0.0039721764624118805,
    0.0039721764624118805
  ],
  "offset_bin_index": [
    0,
    0,
    5,
    5,
    5,
    5,
    0,
    0,
    0,
    0,
    5,
    5,
    0,
    0,
    0,
    0,
    0,
    0,
    5,
    5,
    5,
    5,
    0,
    0,
    0,
    0,
    5,
    5,
    0,
    0,
    0,
    0,
    0,
    0,
    5,
    5,
    5,
    5,
    0,
    0,
    0,
    0,
    5,
    5,
    0,
    0,
    0,
    0,
    0,
    0,
    5,
    5,
    5,
    5,
    0,
    0,
    0,
    0,
    5,
    5,
    0,
    0,
    0,
    0,
    0,
    0,
    5,
    5,
    5,
    5,
    0,
    0,
    0,
    0,
    5,
    5,
    0,
    0,
    0,
    0
  ],
  "built_pose_world_torc": [
    [
      [
        0.7402009963989258,
        0.6374467611312866,
        0.21392476558685303,
        0.7456032275378704
      ],
      [
        0.646531343460083,
        -0.7621328830718994,
        0.03391793370246887,
        -0.058211671150382616
      ],
      [
        0.18465997278690338,
        0.11320296674966812,
        -0.9762610197067261,
        1.216790235632658
      ],
      [
        0.0,
        0.0,
        0.0,
        1.0
      ]
    ],
    [
      [
        -0.7402009963989258,
        -0.6374467611312866,
        0.21392476558685303,
        0.7456032275378704
      ],
      [
        -0.646531343460083,
        0.7621328830718994,
        0.03391793370246887,
        -0.058211671150382616
      ],
      [
        -0.18465997278690338,
        -0.11320296674966812,
        -0.9762610197067261,
        1.216790235632658
      ],
      [
        0.0,
        0.0,
        0.0,
        1.0
      ]
    ],
    [
      [
        0.4660344123840332,
        -0.7782069444656372,
        0.4209582507610321,
        0.7459284453809262
      ],
      [
        -0.8355008959770203,
        -0.5436311960220337,
        -0.0800207257270813,
        -0.05679343823259697
      ],
      [
        0.29111871123313904,
        -0.31441861391067505,
        -0.9035434722900391,
        1.2221772959768773
      ],
      [
        0.0,
        0.0,
        0.0,
        1.0
      ]
    ],
    [
      [
        -0.4660344123840332,
        0.7782069444656372,
        0.4209582507610321,
        0.7459284453809262
      ],
      [
        0.8355008959770203,
        0.5436311960220337,
        -0.0800207257270813,
        -0.05679343823259697
      ],
      [
        -0.29111871123313904,
        0.31441861391067505,
        -0.9035434722900391,
        1.2221772959768773
      ],
      [
        0.0,
        0.0,
        0.0,
        1.0
      ]
    ],
    [
      [
        -0.8413016200065613,
        -0.5016412734985352,
        0.20141464471817017,
        0.7746713771641255
      ],
      [
        -0.5189735889434814,
        0.8537927269935608,
        -0.04128607362508774,
        -0.07026914689606056
      ],
      [
        -0.1512555629014969,
        -0.13926292955875397,
        -0.9786356091499329,
        1.2137684738576413
      ],
      [
        0.0,
        0.0,
        0.0,
        1.0
      ]
    ],
    [
      [
        0.8413016200065613,
        0.5016412734985352,
        0.20141464471817017,
        0.7746713771641255
      ],
      [
        0.5189735889434814,
        -0.8537927269935608,
        -0.04128607362508774,
        -0.07026914689606056
      ],
      [
        0.1512555629014969,
        0.13926292955875397,
        -0.9786356091499329,
        1.2137684738576413
      ],
      [
        0.0,
        0.0,
        0.0,
        1.0
      ]
    ],
    [
      [
        0.8984301686286926,
        0.3345770835876465,
        0.2843964397907257,
        0.7377149290561676
      ],
      [
        0.3383252024650574,
        -0.9402857422828674,
        0.03740014135837555,
        -0.05892555598085747
      ],
      [
        0.279927134513855,
        0.06261707097291946,
        -0.9579769372940063,
        1.234799175554514
      ],
      [
        0.0,
        0.0,
        0.0,
        1.0
      ]
    ],
    [
      [
        -0.8984301686286926,
        -0.3345770835876465,
        0.2843964397907257,
        0.7377149290561676
      ],
      [
        -0.3383252024650574,
        0.9402857422828674,
        0.03740014135837555,
        -0.05892555598085747
      ],
      [
        -0.279927134513855,
        -0.06261707097291946,
        -0.9579769372940063,
        1.234799175554514
      ],
      [
        0.0,
        0.0,
        0.0,
        1.0
      ]
    ],
    [
      [
        -0.5349968671798706,
        -0.7774421572685242,
        0.33069947361946106,
        0.7707185945630074
      ],
      [
        -0.8292977809906006,
        0.5580129027366638,
        -0.02978210151195526,
        -0.08900316987102852
      ],
      [
        -0.16138070821762085,
        -0.2901816964149475,
        -0.9432660937309265,
        1.232577382618189
      ],
      [
        0.0,
        0.0,
        0.0,
        1.0
      ]
    ],
    [
      [
        0.5349968671798706,
        0.7774421572685242,
        0.33069947361946106,
        0.7707185945630074
      ],
      [
        0.8292977809906006,
        -0.5580129027366638,
        -0.02978210151195526,
        -0.08900316987102852
      ],
      [
        0.16138070821762085,
        0.2901816964149475,
        -0.9432660937309265,
        1.232577382618189
      ],
      [
        0.0,
        0.0,
        0.0,
        1.0
      ]
    ],
    [
      [
        0.8015666007995605,
        -0.38839244842529297,
        0.45457911491394043,
        0.7309683277428151
      ],
      [
        -0.4321717619895935,
        -0.9017521142959595,
        -0.00840172078460455,
        -0.07202270064419136
      ],
      [
        0.4131808578968048,
        -0.1897217184305191,
        -0.8906667232513428,
        1.223570092612505
      ],
      [
        0.0,
        0.0,
        0.0,
        1.0
      ]
    ],
    [
      [
        -0.8015666007995605,
        0.38839244842529297,
        0.45457911491394043,
        0.7309683277428151
      ],
      [
        0.4321717619895935,
        0.9017521142959595,
        -0.00840172078460455,
        -0.07202270064419136
      ],
      [
        -0.4131808578968048,
        0.1897217184305191,
        -0.8906667232513428,
        1.223570092612505
      ],
      [
        0.0,
        0.0,
        0.0,
        1.0
      ]
    ],
    [
      [
        -0.834108293056488,
        -0.4382014572620392,
        0.3350266218185425,
        0.7509449436485768
      ],
      [
        -0.4523330330848694,
        0.8909866809844971,
        0.03921155259013176,
        -0.09547579843467102
      ],
      [
        -0.31568682193756104,
        -0.1188369169831276,
        -0.9413923621177673,
        1.212723969513178
      ],
      [
        0.0,
        0.0,
        0.0,
        1.0
      ]
    ],
    [
      [
        0.834108293056488,
        0.4382014572620392,
        0.3350266218185425,
        0.7509449436485768
      ],
      [
        0.4523330330848694,
        -0.8909866809844971,
        0.03921155259013176,
        -0.09547579843467102
      ],
      [
        0.31568682193756104,
        0.1188369169831276,
        -0.9413923621177673,
        1.212723969513178
      ],
      [
        0.0,
        0.0,
        0.0,
        1.0
      ]
    ],
    [
      [
        0.9482414722442627,
