{
  "type": "success",
  "cmd": "infer_lowlevel",
  "command_version": "cgn_zmq_infer_lowlevel_v1",
  "evidence_level": "proven",
  "input_source": "/mnt/ssd/ziyaochen/torc_franka_lift3d_pipeline_v2/phase4_artifacts/cgn_lowlevel/obj_000021_0.input.npz",
  "input_point_cloud_frame": "fresh_capture_mujoco_world",
  "output_frame": "fresh_capture_mujoco_world",
  "units": {
    "translation": "meters",
    "directions": "unitless_normalized"
  },
  "checkpoint_dir": "/home/ziyaochen/gc6d_lift3d_traj/ros_workspace/src/contact_graspnet_ros/checkpoints/scene_test_2048_bs3_hor_sigma_001",
  "model_status": {
    "type": "success",
    "model_loaded": true,
    "load_elapsed_sec": 17.076117992401123,
    "load_error": null,
    "checkpoint_dir": "/home/ziyaochen/gc6d_lift3d_traj/ros_workspace/src/contact_graspnet_ros/checkpoints/scene_test_2048_bs3_hor_sigma_001",
    "contact_root": "/home/ziyaochen/gc6d_lift3d_franka_7d_generation/third_party/contact_graspnet",
    "cuda_visible_devices": "1",
    "pid": 4020616
  },
  "num_candidates": 20,
  "contact_point_world": [
    [
      0.7688819758504629,
      0.2001709961090237,
      1.0991799831209705
    ],
    [
      0.7688819758504629,
      0.2001709961090237,
      1.0991799831209705
    ],
    [
      0.7288820146959275,
      0.2001709961090237,
      1.0991799831209705
    ],
    [
      0.7288820146959275,
      0.2001709961090237,
      1.0991799831209705
    ],
    [
      0.7688819758504629,
      0.2001709961090237,
      1.0991799831209705
    ],
    [
      0.7688819758504629,
      0.2001709961090237,
      1.0991799831209705
    ],
    [
      0.7288820146959275,
      0.2001709961090237,
      1.0991799831209705
    ],
    [
      0.7288820146959275,
      0.2001709961090237,
      1.0991799831209705
    ],
    [
      0.7688819758504629,
      0.2001709961090237,
      1.0991799831209705
    ],
    [
      0.7688819758504629,
      0.2001709961090237,
      1.0991799831209705
    ],
    [
      0.7288820146959275,
      0.2001709961090237,
      1.0991799831209705
    ],
    [
      0.7288820146959275,
      0.2001709961090237,
      1.0991799831209705
    ],
    [
      0.7688819758504629,
      0.2001709961090237,
      1.0991799831209705
    ],
    [
      0.7688819758504629,
      0.2001709961090237,
      1.0991799831209705
    ],
    [
      0.7288820146959275,
      0.2001709961090237,
      1.0991799831209705
    ],
    [
      0.7288820146959275,
      0.2001709961090237,
      1.0991799831209705
    ],
    [
      0.7688819758504629,
      0.2001709961090237,
      1.0991799831209705
    ],
    [
      0.7688819758504629,
      0.2001709961090237,
      1.0991799831209705
    ],
    [
      0.7288820146959275,
      0.2001709961090237,
      1.0991799831209705
    ],
    [
      0.7288820146959275,
      0.2001709961090237,
      1.0991799831209705
    ]
  ],
  "approach_dir_world": [
    [
      0.399581640958786,
      -0.0054732454009354115,
      -0.9166812896728516
    ],
    [
      0.399581640958786,
      -0.0054732454009354115,
      -0.9166812896728516
    ],
    [
      0.2758296728134155,
      0.025916555896401405,
      -0.9608570337295532
    ],
    [
      0.2758296728134155,
      0.025916555896401405,
      -0.9608570337295532
    ],
    [
      0.399581640958786,
      -0.0054732454009354115,
      -0.9166812896728516
    ],
    [
      0.399581640958786,
      -0.0054732454009354115,
      -0.9166812896728516
    ],
    [
      0.2758296728134155,
      0.025916555896401405,
      -0.9608570337295532
    ],
    [
      0.2758296728134155,
      0.025916555896401405,
      -0.9608570337295532
    ],
    [
      0.399581640958786,
      -0.0054732454009354115,
      -0.9166812896728516
    ],
    [
      0.399581640958786,
      -0.0054732454009354115,
      -0.9166812896728516
    ],
    [
      0.2758296728134155,
      0.025916555896401405,
      -0.9608570337295532
    ],
    [
      0.2758296728134155,
      0.025916555896401405,
      -0.9608570337295532
    ],
    [
      0.399581640958786,
      -0.0054732454009354115,
      -0.9166812896728516
    ],
    [
      0.399581640958786,
      -0.0054732454009354115,
      -0.9166812896728516
    ],
    [
      0.2758296728134155,
      0.025916555896401405,
      -0.9608570337295532
    ],
    [
      0.2758296728134155,
      0.025916555896401405,
      -0.9608570337295532
    ],
    [
      0.399581640958786,
      -0.0054732454009354115,
      -0.9166812896728516
    ],
    [
      0.399581640958786,
      -0.0054732454009354115,
      -0.9166812896728516
    ],
    [
      0.2758296728134155,
      0.025916555896401405,
      -0.9608570337295532
    ],
    [
      0.2758296728134155,
      0.025916555896401405,
      -0.9608570337295532
    ]
  ],
  "base_dir_world": [
    [
      -0.5902475118637085,
      -0.7666450142860413,
      -0.2527116537094116
    ],
    [
      0.5902475118637085,
      0.7666450142860413,
      0.2527116537094116
    ],
    [
      0.1567126363515854,
      -0.9874736666679382,
      0.018352441489696503
    ],
    [
      -0.1567126363515854,
      0.9874736666679382,
      -0.018352441489696503
    ],
    [
      -0.5902475118637085,
      -0.7666450142860413,
      -0.2527116537094116
    ],
    [
      0.5902475118637085,
      0.7666450142860413,
      0.2527116537094116
    ],
    [
      0.1567126363515854,
      -0.9874736666679382,
      0.018352441489696503
    ],
    [
      -0.1567126363515854,
      0.9874736666679382,
      -0.018352441489696503
    ],
    [
      -0.5902475118637085,
      -0.7666450142860413,
      -0.2527116537094116
    ],
    [
      0.5902475118637085,
      0.7666450142860413,
      0.2527116537094116
    ],
    [
      0.1567126363515854,
      -0.9874736666679382,
      0.018352441489696503
    ],
    [
      -0.1567126363515854,
      0.9874736666679382,
      -0.018352441489696503
    ],
    [
      -0.5902475118637085,
      -0.7666450142860413,
      -0.2527116537094116
    ],
    [
      0.5902475118637085,
      0.7666450142860413,
      0.2527116537094116
    ],
    [
      0.1567126363515854,
      -0.9874736666679382,
      0.018352441489696503
    ],
    [
      -0.1567126363515854,
      0.9874736666679382,
      -0.018352441489696503
    ],
    [
      -0.5902475118637085,
      -0.7666450142860413,
      -0.2527116537094116
    ],
    [
      0.5902475118637085,
      0.7666450142860413,
      0.2527116537094116
    ],
    [
      0.1567126363515854,
      -0.9874736666679382,
      0.018352441489696503
    ],
    [
      -0.1567126363515854,
      0.9874736666679382,
      -0.018352441489696503
    ]
  ],
  "gripper_opening": [
    0.04869392246007919,
    0.04869392246007919,
    0.008972176462411881,
    0.008972176462411881,
    0.04869392246007919,
    0.04869392246007919,
    0.008972176462411881,
    0.008972176462411881,
    0.04869392246007919,
    0.04869392246007919,
    0.008972176462411881,
    0.008972176462411881,
    0.04869392246007919,
    0.04869392246007919,
    0.008972176462411881,
    0.008972176462411881,
    0.04869392246007919,
    0.04869392246007919,
    0.008972176462411881,
    0.008972176462411881
  ],
  "score": [
    0.18568189442157745,
    0.18568189442157745,
    0.2183740884065628,
    0.2183740884065628,
    0.18568189442157745,
    0.18568189442157745,
    0.2183740884065628,
    0.2183740884065628,
    0.18568189442157745,
    0.18568189442157745,
    0.2183740884065628,
    0.2183740884065628,
    0.18568189442157745,
    0.18568189442157745,
    0.2183740884065628,
    0.2183740884065628,
    0.18568189442157745,
    0.18568189442157745,
    0.2183740884065628,
    0.2183740884065628
  ],
  "object_id": [
    0,
    0,
    0,
    0,
    0,
    0,
    0,
    0,
    0,
    0,
    0,
    0,
    0,
    0,
    0,
    0,
    0,
    0,
    0,
    0
  ],
  "source_index": [
    10,
    10,
    55,
    55,
    2058,
    2058,
    2103,
    2103,
    4106,
    4106,
    4151,
    4151,
    6154,
    6154,
    6199,
    6199,
    8202,
    8202,
    8247,
    8247
  ],
  "selection_index": [
    5,
    5,
    17,
    17,
    27,
    27,
    39,
    39,
    49,
    49,
    61,
    61,
    71,
    71,
    83,
    83,
    93,
    93,
    105,
    105
  ],
  "segment_key": [
    1,
    1,
    1,
    1,
    1,
    1,
    1,
    1,
    1,
    1,
    1,
    1,
    1,
    1,
    1,
    1,
    1,
    1,
    1,
    1
  ],
  "symmetry_variant": [
    0,
    1,
    0,
    1,
    0,
    1,
    0,
    1,
    0,
    1,
    0,
    1,
    0,
    1,
    0,
    1,
    0,
    1,
    0,
    1
  ],
  "offset_bin_value": [
    0.04369392246007919,
    0.04369392246007919,
    0.0039721764624118805,
    0.0039721764624118805,
    0.04369392246007919,
    0.04369392246007919,
    0.0039721764624118805,
    0.0039721764624118805,
    0.04369392246007919,
    0.04369392246007919,
    0.0039721764624118805,
    0.0039721764624118805,
    0.04369392246007919,
    0.04369392246007919,
    0.0039721764624118805,
    0.0039721764624118805,
    0.04369392246007919,
    0.04369392246007919,
    0.0039721764624118805,
    0.0039721764624118805
  ],
  "offset_bin_index": [
    5,
    5,
    0,
    0,
    5,
    5,
    0,
    0,
    5,
    5,
    0,
    0,
    5,
    5,
    0,
    0,
    5,
    5,
    0,
    0
  ],
  "built_pose_world_torc": [
    [
      [
        0.701386034488678,
        -0.5902475118637085,
        0.399581640958786,
        0.7146701209157705
      ],
      [
        -0.6420477628707886,
        -0.7666450142860413,
        -0.0054732454009354115,
        0.18398806683160365
      ],
      [
        0.3095678389072418,
        -0.2527116537094116,
        -0.9166812896728516,
        1.1884438526868821
      ],
      [
        0.0,
        0.0,
        0.0,
        1.0
      ]
    ],
    [
      [
        -0.701386034488678,
        0.5902475118637085,
        0.399581640958786,
        0.7146701209157705
      ],
      [
        0.6420477628707886,
        0.7666450142860413,
        -0.0054732454009354115,
        0.18398806683160365
      ],
      [
        -0.3095678389072418,
        0.2527116537094116,
        -0.9166812896728516,
        1.1884438526868821
      ],
      [
        0.0,
        0.0,
        0.0,
        1.0
      ]
    ],
    [
      [
        0.9483453631401062,
        0.1567126363515854,
        0.2758296728134155,
        0.7006724730044603
      ],
      [
        0.1556405872106552,
        -0.9874736666679382,
        0.025916555896401405,
        0.19553001455403865
      ],
      [
        0.2764360010623932,
        0.018352441489696503,
        -0.9608570337295532,
        1.1985690427064897
      ],
      [
        0.0,
        0.0,
        0.0,
        1.0
      ]
    ],
    [
      [
        -0.9483453631401062,
        -0.1567126363515854,
        0.2758296728134155,
        0.7006724730044603
      ],
      [
        -0.1556405872106552,
        0.9874736666679382,
        0.025916555896401405,
        0.19553001455403865
      ],
      [
        -0.2764360010623932,
        -0.018352441489696503,
        -0.9608570337295532,
        1.1985690427064897
      ],
      [
        0.0,
        0.0,
        0.0,
        1.0
      ]
    ],
    [
      [
        0.701386034488678,
        -0.5902475118637085,
        0.399581640958786,
        0.7146701209157705
      ],
      [
        -0.6420477628707886,
        -0.7666450142860413,
        -0.0054732454009354115,
        0.18398806683160365
      ],
      [
        0.3095678389072418,
        -0.2527116537094116,
        -0.9166812896728516,
        1.1884438526868821
      ],
      [
        0.0,
        0.0,
        0.0,
        1.0
      ]
    ],
    [
      [
        -0.701386034488678,
        0.5902475118637085,
        0.399581640958786,
        0.7146701209157705
      ],
      [
        0.6420477628707886,
        0.7666450142860413,
        -0.0054732454009354115,
        0.18398806683160365
      ],
      [
        -0.3095678389072418,
        0.2527116537094116,
        -0.9166812896728516,
        1.1884438526868821
      ],
      [
        0.0,
        0.0,
        0.0,
        1.0
      ]
    ],
    [
      [
        0.9483453631401062,
        0.1567126363515854,
        0.2758296728134155,
        0.7006724730044603
      ],
      [
        0.1556405872106552,
        -0.9874736666679382,
        0.025916555896401405,
        0.19553001455403865
      ],
      [
        0.2764360010623932,
        0.018352441489696503,
        -0.9608570337295532,
        1.1985690427064897
      ],
      [
        0.0,
        0.0,
        0.0,
        1.0
      ]
    ],
    [
      [
        -0.9483453631401062,
        -0.1567126363515854,
        0.2758296728134155,
        0.7006724730044603
      ],
      [
        -0.1556405872106552,
        0.9874736666679382,
        0.025916555896401405,
        0.19553001455403865
      ],
      [
        -0.2764360010623932,
        -0.018352441489696503,
        -0.9608570337295532,
        1.1985690427064897
      ],
      [
        0.0,
        0.0,
        0.0,
        1.0
      ]
    ],
    [
      [
        0.701386034488678,
        -0.5902475118637085,
        0.399581640958786,
        0.7146701209157705
      ],
      [
        -0.6420477628707886,
        -0.7666450142860413,
        -0.0054732454009354115,
        0.18398806683160365
      ],
      [
        0.3095678389072418,
        -0.2527116537094116,
        -0.9166812896728516,
        1.1884438526868821
      ],
      [
        0.0,
        0.0,
        0.0,
        1.0
      ]
    ],
    [
      [
        -0.701386034488678,
        0.5902475118637085,
        0.399581640958786,
        0.7146701209157705
      ],
      [
        0.6420477628707886,
        0.7666450142860413,
        -0.0054732454009354115,
        0.18398806683160365
      ],
      [
        -0.3095678389072418,
        0.2527116537094116,
        -0.9166812896728516,
        1.1884438526868821
      ],
      [
        0.0,
        0.0,
        0.0,
        1.0
      ]
    ],
    [
      [
        0.9483453631401062,
        0.1567126363515854,
        0.2758296728134155,
        0.7006724730044603
      ],
      [
        0.1556405872106552,
        -0.9874736666679382,
        0.025916555896401405,
        0.19553001455403865
      ],
      [
        0.2764360010623932,
        0.018352441489696503,
        -0.9608570337295532,
        1.1985690427064897
      ],
      [
        0.0,
        0.0,
        0.0,
        1.0
      ]
    ],
    [
      [
        -0.9483453631401062,
        -0.1567126363515854,
        0.2758296728134155,
        0.7006724730044603
      ],
      [
        -0.1556405872106552,
        0.9874736666679382,
        0.025916555896401405,
        0.19553001455403865
      ],
      [
        -0.2764360010623932,
        -0.018352441489696503,
        -0.9608570337295532,
        1.1985690427064897
      ],
      [
        0.0,
        0.0,
        0.0,
        1.0
      ]
    ],
    [
      [
        0.701386034488678,
        -0.5902475118637085,
        0.399581640958786,
        0.7146701209157705
      ],
      [
        -0.6420477628707886,
        -0.7666450142860413,
        -0.0054732454009354115,
        0.18398806683160365
      ],
      [
        0.3095678389072418,
        -0.2527116537094116,
        -0.9166812896728516,
        1.1884438526868821
      ],
      [
        0.0,
        0.0,
        0.0,
        1.0
      ]
    ],
    [
      [
        -0.701386034488678,
        0.5902475118637085,
        0.399581640958786,
        0.7146701209157705
      ],
      [
        0.6420477628707886,
        0.7666450142860413,
        -0.0054732454009354115,
        0.18398806683160365
      ],
      [
        -0.3095678389072418,
        0.2527116537094116,
        -0.9166812896728516,
        1.1884438526868821
      ],
      [
        0.0,
        0.0,
        0.0,
        1.0
      ]
    ],
    [
      [
        0.9483453631401062,
        0.1567126363515854,
        0.2758296728134155,
        0.7006724730044603
      ],
      [
        0.1556405872106552,
        -0.9874736666679382,
        0.025916555896401405,
        0.19553001455403865
      ],
      [
        0.2764360010623932,
        0.018352441489696503,
        -0.9608570337295532,
        1.1985690427064897
      ],
      [
        0.0,
        0.0,
        0.0,
        1.0
      ]
    ],
    [
      [
        -0.9483453631401062,
        -0.1567126363515854,
        0.2758296728134155,
        0.7006724730044603
      ],
      [
        -0.1556405872106552,
        0.9874736666679382,
        0.025916555896401405,
        0.19553001455403865
      ],
      [
        -0.2764360010623932,
        -0.018352441489696503,
        -0.9608570337295532,
        1.1985690427064897
      ],
      [
        0.0,
        0.0,
        0.0,
        1.0
      ]
    ],
    [
      [
        0.701386034488678,
        -0.5902475118637085,
        0.399581640958786,
        0.7146701209157705
      ],
      [
        -0.6420477628707886,
        -0.7666450142860413,
        -0.0054732454009354115,
        0.18398806683160365
      ],
      [
        0.3095678389072418,
        -0.2527116537094116,
        -0.9166812896728516,
        1.1884438526868821
      ],
      [
        0.0,
        0.0,
        0.0,
        1.0
      ]
    ],
    [
      [
        -0.701386034488678,
        0.5902475118637085,
        0.399581640958786,
        0.7146701209157705
      ],
      [
        0.6420477628707886,
        0.7666450142860413,
        -0.0054732454009354115,
        0.18398806683160365
      ],
      [
        -0.3095678389072418,
        0.2527116537094116,
        -0.9166812896728516,
        1.1884438526868821
      ],
      [
        0.0,
        0.0,
        0.0,
        1.0
      ]
    ],
    [
      [
        0.9483453631401062,
        0.1567126363515854,
        0.2758296728134155,
        0.7006724730044603
      ],
      [
        0.1556405872106552,
        -0.9874736666679382,
        0.025916555896401405,
        0.19553001455403865
      ],
      [
        0.2764360010623932,
        0.018352441489696503,
        -0.9608570337295532,
        1.1985690427064897
      ],
      [
        0.0,
        0.0,
        0.0,
        1.0
      ]
    ],
    [
      [
        -0.9483453631401062,
        -0.1567126363515854,
        0.2758296728134155,
        0.7006724730044603
      ],
      [
        -0.1556405872106552,
        0.9874736666679382,
        0.025916555896401405,
        0.19553001455403865
      ],
      [
        -0.2764360010623932,
        -0.018352441489696503,
        -0.9608570337295532,
        1.1985690427064897
      ],
      [
        0.0,
        0.0,
        0.0,
        1.0
      ]
    ]
  ],
  "elapsed_sec": 0.15790534019470215,
  "source_field_audit": {
    "contact_point_world": {
      "source_variable": "model_ops['pred_points'] -> contact_point, after CGN convert_cam_coords and FRAME_ROTATE.T",
      "shape": "N x 3",
      "frame": "fresh_capture_mujoco_world",
      "units": "meters",
      "evidence": "proven_source_tensor_fetch"
    },
    "approach_dir_world": {
      "source_variable": "model_ops['approach_dir_pred'] -> approach_dir, after CGN convert_cam_coords and FRAME_ROTATE.T",
      "shape": "N x 3",
      "frame": "fresh_capture_mujoco_world",
      "units": "unit vector",
      "evidence": "proven_source_tensor_fetch"
    },
    "base_dir_world": {
      "source_variable": "model_ops['grasp_dir_pred'] -> base_dir, after CGN convert_cam_coords, FRAME_ROTATE.T, plus ROTATE_Z symmetry duplicate sign flip",
      "shape": "N x 3",
      "frame": "fresh_capture_mujoco_world",
      "units": "unit vector",
      "evidence": "proven_source_tensor_fetch"
    },
    "gripper_opening": {
      "source_variable": "min(model_ops['offset_bin_pred_vals'] + TEST.extra_opening, DATA.gripper_width)",
      "shape": "N",
      "frame": "not_applicable",
      "units": "meters",
      "evidence": "proven_source_tensor_fetch_and_config_formula"
    },
    "score": {
      "source_variable": "model_ops['binary_seg_pred']",
      "shape": "N",
      "frame": "not_applicable",
      "units": "unitless confidence",
      "evidence": "proven_source_tensor_fetch"
    },
    "object_id": {
      "source_variable": "pc_segments key - 1 after mask-bit grouping and CGN filter_segment",
      "shape": "N",
      "frame": "segmentation namespace",
      "units": "integer segment/object id",
      "evidence": "proven_source_mapping"
    },
    "source_index": {
      "source_variable": "selected CGN source tensor index before filter_segment",
      "shape": "N",
      "frame": "CGN selected tensor index",
      "units": "integer",
      "evidence": "proven_source_mapping"
    },
    "selection_index": {
      "source_variable": "position in selected/filter_segment candidate list",
      "shape": "N",
      "frame": "CGN selected candidate order",
      "units": "integer",
      "evidence": "proven_source_mapping"
    }
  },
  "client_elapsed_sec": 0.16195893287658691
}