{
  "type": "success",
  "cmd": "infer_lowlevel",
  "command_version": "cgn_zmq_infer_lowlevel_v1",
  "evidence_level": "proven",
  "input_source": "/mnt/ssd/ziyaochen/torc_franka_lift3d_pipeline_v2/phase4_artifacts/cgn_lowlevel/obj_000063_0.input.npz",
  "input_point_cloud_frame": "fresh_capture_mujoco_world",
  "output_frame": "fresh_capture_mujoco_world",
  "units": {
    "translation": "meters",
    "directions": "unitless_normalized"
  },
  "checkpoint_dir": "/home/ziyaochen/gc6d_lift3d_traj/ros_workspace/src/contact_graspnet_ros/checkpoints/scene_test_2048_bs3_hor_sigma_001",
  "model_status": {
    "type": "success",
    "model_loaded": true,
    "load_elapsed_sec": 17.076117992401123,
    "load_error": null,
    "checkpoint_dir": "/home/ziyaochen/gc6d_lift3d_traj/ros_workspace/src/contact_graspnet_ros/checkpoints/scene_test_2048_bs3_hor_sigma_001",
    "contact_root": "/home/ziyaochen/gc6d_lift3d_franka_7d_generation/third_party/contact_graspnet",
    "cuda_visible_devices": "1",
    "pid": 4020616
  },
  "num_candidates": 10,
  "contact_point_world": [
    [
      0.7271789909001439,
      -0.24921800467967986,
      1.0652400238752364
    ],
    [
      0.7271789909001439,
      -0.24921800467967986,
      1.0652400238752364
    ],
    [
      0.7271789909001439,
      -0.24921800467967986,
      1.0652400238752364
    ],
    [
      0.7271789909001439,
      -0.24921800467967986,
      1.0652400238752364
    ],
    [
      0.7271789909001439,
      -0.24921800467967986,
      1.0652400238752364
    ],
    [
      0.7271789909001439,
      -0.24921800467967986,
      1.0652400238752364
    ],
    [
      0.7271789909001439,
      -0.24921800467967986,
      1.0652400238752364
    ],
    [
      0.7271789909001439,
      -0.24921800467967986,
      1.0652400238752364
    ],
    [
      0.7271789909001439,
      -0.24921800467967986,
      1.0652400238752364
    ],
    [
      0.7271789909001439,
      -0.24921800467967986,
      1.0652400238752364
    ]
  ],
  "approach_dir_world": [
    [
      0.42355430126190186,
      0.0553516186773777,
      -0.9041780829429626
    ],
    [
      0.42355430126190186,
      0.0553516186773777,
      -0.9041780829429626
    ],
    [
      0.42355430126190186,
      0.0553516186773777,
      -0.9041780829429626
    ],
    [
      0.42355430126190186,
      0.0553516186773777,
      -0.9041780829429626
    ],
    [
      0.42355430126190186,
      0.0553516186773777,
      -0.9041780829429626
    ],
    [
      0.42355430126190186,
      0.0553516186773777,
      -0.9041780829429626
    ],
    [
      0.42355430126190186,
      0.0553516186773777,
      -0.9041780829429626
    ],
    [
      0.42355430126190186,
      0.0553516186773777,
      -0.9041780829429626
    ],
    [
      0.42355430126190186,
      0.0553516186773777,
      -0.9041780829429626
    ],
    [
      0.42355430126190186,
      0.0553516186773777,
      -0.9041780829429626
    ]
  ],
  "base_dir_world": [
    [
      -0.4903523921966553,
      0.8532644510269165,
      -0.17746645212173462
    ],
    [
      0.4903523921966553,
      -0.8532644510269165,
      0.17746645212173462
    ],
    [
      -0.4903523921966553,
      0.8532644510269165,
      -0.17746645212173462
    ],
    [
      0.4903523921966553,
      -0.8532644510269165,
      0.17746645212173462
    ],
    [
      -0.4903523921966553,
      0.8532644510269165,
      -0.17746645212173462
    ],
    [
      0.4903523921966553,
      -0.8532644510269165,
      0.17746645212173462
    ],
    [
      -0.4903523921966553,
      0.8532644510269165,
      -0.17746645212173462
    ],
    [
      0.4903523921966553,
      -0.8532644510269165,
      0.17746645212173462
    ],
    [
      -0.4903523921966553,
      0.8532644510269165,
      -0.17746645212173462
    ],
    [
      0.4903523921966553,
      -0.8532644510269165,
      0.17746645212173462
    ]
  ],
  "gripper_opening": [
    0.06458262085914612,
    0.06458262085914612,
    0.06458262085914612,
    0.06458262085914612,
    0.06458262085914612,
    0.06458262085914612,
    0.06458262085914612,
    0.06458262085914612,
    0.06458262085914612,
    0.06458262085914612
  ],
  "score": [
    0.1836882084608078,
    0.1836882084608078,
    0.1836882084608078,
    0.1836882084608078,
    0.1836882084608078,
    0.1836882084608078,
    0.1836882084608078,
    0.1836882084608078,
    0.1836882084608078,
    0.1836882084608078
  ],
  "object_id": [
    0,
    0,
    0,
    0,
    0,
    0,
    0,
    0,
    0,
    0
  ],
  "source_index": [
    80,
    80,
    2128,
    2128,
    4176,
    4176,
    6224,
    6224,
    8272,
    8272
  ],
  "selection_index": [
    31,
    31,
    77,
    77,
    123,
    123,
    169,
    169,
    215,
    215
  ],
  "segment_key": [
    1,
    1,
    1,
    1,
    1,
    1,
    1,
    1,
    1,
    1
  ],
  "symmetry_variant": [
    0,
    1,
    0,
    1,
    0,
    1,
    0,
    1,
    0,
    1
  ],
  "offset_bin_value": [
    0.05958262085914612,
    0.05958262085914612,
    0.05958262085914612,
    0.05958262085914612,
    0.05958262085914612,
    0.05958262085914612,
    0.05958262085914612,
    0.05958262085914612,
    0.05958262085914612,
    0.05958262085914612
  ],
  "offset_bin_index": [
    7,
    7,
    7,
    7,
    7,
    7,
    7,
    7,
    7,
    7
  ],
  "built_pose_world_torc": [
    [
      [
        -0.7616799473762512,
        -0.4903523921966553,
        0.42355430126190186,
        0.6687752365261316
      ],
      [
        -0.5185325741767883,
        0.8532644510269165,
        0.0553516186773777,
        -0.2295214933514595
      ],
      [
        -0.3885456323623657,
        -0.17746645212173462,
        -0.9041780829429626,
        1.1534450782775878
      ],
      [
        0.0,
        0.0,
        0.0,
        1.0
      ]
    ],
    [
      [
        0.7616799473762512,
        0.4903523921966553,
        0.42355430126190186,
        0.6687752365261316
      ],
      [
        0.5185325741767883,
        -0.8532644510269165,
        0.0553516186773777,
        -0.2295214933514595
      ],
      [
        0.3885456323623657,
        0.17746645212173462,
        -0.9041780829429626,
        1.1534450782775878
      ],
      [
        0.0,
        0.0,
        0.0,
        1.0
      ]
    ],
    [
      [
        -0.7616799473762512,
        -0.4903523921966553,
        0.42355430126190186,
        0.6687752365261316
      ],
      [
        -0.5185325741767883,
        0.8532644510269165,
        0.0553516186773777,
        -0.2295214933514595
      ],
      [
        -0.3885456323623657,
        -0.17746645212173462,
        -0.9041780829429626,
        1.1534450782775878
      ],
      [
        0.0,
        0.0,
        0.0,
        1.0
      ]
    ],
    [
      [
        0.7616799473762512,
        0.4903523921966553,
        0.42355430126190186,
        0.6687752365261316
      ],
      [
        0.5185325741767883,
        -0.8532644510269165,
        0.0553516186773777,
        -0.2295214933514595
      ],
      [
        0.3885456323623657,
        0.17746645212173462,
        -0.9041780829429626,
        1.1534450782775878
      ],
      [
        0.0,
        0.0,
        0.0,
        1.0
      ]
    ],
    [
      [
        -0.7616799473762512,
        -0.4903523921966553,
        0.42355430126190186,
        0.6687752365261316
      ],
      [
        -0.5185325741767883,
        0.8532644510269165,
        0.0553516186773777,
        -0.2295214933514595
      ],
      [
        -0.3885456323623657,
        -0.17746645212173462,
        -0.9041780829429626,
        1.1534450782775878
      ],
      [
        0.0,
        0.0,
        0.0,
        1.0
      ]
    ],
    [
      [
        0.7616799473762512,
        0.4903523921966553,
        0.42355430126190186,
        0.6687752365261316
      ],
      [
        0.5185325741767883,
        -0.8532644510269165,
        0.0553516186773777,
        -0.2295214933514595
      ],
      [
        0.3885456323623657,
        0.17746645212173462,
        -0.9041780829429626,
        1.1534450782775878
      ],
      [
        0.0,
        0.0,
        0.0,
        1.0
      ]
    ],
    [
      [
        -0.7616799473762512,
        -0.4903523921966553,
        0.42355430126190186,
        0.6687752365261316
      ],
      [
        -0.5185325741767883,
        0.8532644510269165,
        0.0553516186773777,
        -0.2295214933514595
      ],
      [
        -0.3885456323623657,
        -0.17746645212173462,
        -0.9041780829429626,
        1.1534450782775878
      ],
      [
        0.0,
        0.0,
        0.0,
        1.0
      ]
    ],
    [
      [
        0.7616799473762512,
        0.4903523921966553,
        0.42355430126190186,
        0.6687752365261316
      ],
      [
        0.5185325741767883,
        -0.8532644510269165,
        0.0553516186773777,
        -0.2295214933514595
      ],
      [
        0.3885456323623657,
        0.17746645212173462,
        -0.9041780829429626,
        1.1534450782775878
      ],
      [
        0.0,
        0.0,
        0.0,
        1.0
      ]
    ],
    [
      [
        -0.7616799473762512,
        -0.4903523921966553,
        0.42355430126190186,
        0.6687752365261316
      ],
      [
        -0.5185325741767883,
        0.8532644510269165,
        0.0553516186773777,
        -0.2295214933514595
      ],
      [
        -0.3885456323623657,
        -0.17746645212173462,
        -0.9041780829429626,
        1.1534450782775878
      ],
      [
        0.0,
        0.0,
        0.0,
        1.0
      ]
    ],
    [
      [
        0.7616799473762512,
        0.4903523921966553,
        0.42355430126190186,
        0.6687752365261316
      ],
      [
        0.5185325741767883,
        -0.8532644510269165,
        0.0553516186773777,
        -0.2295214933514595
      ],
      [
        0.3885456323623657,
        0.17746645212173462,
        -0.9041780829429626,
        1.1534450782775878
      ],
      [
        0.0,
        0.0,
        0.0,
        1.0
      ]
    ]
  ],
  "elapsed_sec": 0.1601860523223877,
  "source_field_audit": {
    "contact_point_world": {
      "source_variable": "model_ops['pred_points'] -> contact_point, after CGN convert_cam_coords and FRAME_ROTATE.T",
      "shape": "N x 3",
      "frame": "fresh_capture_mujoco_world",
      "units": "meters",
      "evidence": "proven_source_tensor_fetch"
    },
    "approach_dir_world": {
      "source_variable": "model_ops['approach_dir_pred'] -> approach_dir, after CGN convert_cam_coords and FRAME_ROTATE.T",
      "shape": "N x 3",
      "frame": "fresh_capture_mujoco_world",
      "units": "unit vector",
      "evidence": "proven_source_tensor_fetch"
    },
    "base_dir_world": {
      "source_variable": "model_ops['grasp_dir_pred'] -> base_dir, after CGN convert_cam_coords, FRAME_ROTATE.T, plus ROTATE_Z symmetry duplicate sign flip",
      "shape": "N x 3",
      "frame": "fresh_capture_mujoco_world",
      "units": "unit vector",
      "evidence": "proven_source_tensor_fetch"
    },
    "gripper_opening": {
      "source_variable": "min(model_ops['offset_bin_pred_vals'] + TEST.extra_opening, DATA.gripper_width)",
      "shape": "N",
      "frame": "not_applicable",
      "units": "meters",
      "evidence": "proven_source_tensor_fetch_and_config_formula"
    },
    "score": {
      "source_variable": "model_ops['binary_seg_pred']",
      "shape": "N",
      "frame": "not_applicable",
      "units": "unitless confidence",
      "evidence": "proven_source_tensor_fetch"
    },
    "object_id": {
      "source_variable": "pc_segments key - 1 after mask-bit grouping and CGN filter_segment",
      "shape": "N",
      "frame": "segmentation namespace",
      "units": "integer segment/object id",
      "evidence": "proven_source_mapping"
    },
    "source_index": {
      "source_variable": "selected CGN source tensor index before filter_segment",
      "shape": "N",
      "frame": "CGN selected tensor index",
      "units": "integer",
      "evidence": "proven_source_mapping"
    },
    "selection_index": {
      "source_variable": "position in selected/filter_segment candidate list",
      "shape": "N",
      "frame": "CGN selected candidate order",
      "units": "integer",
      "evidence": "proven_source_mapping"
    }
  },
  "client_elapsed_sec": 0.18099713325500488
}