{
  "type": "success",
  "cmd": "infer_lowlevel",
  "command_version": "cgn_zmq_infer_lowlevel_v1",
  "evidence_level": "proven",
  "input_source": "/mnt/ssd/ziyaochen/torc_franka_lift3d_pipeline_v2/phase4_artifacts/cgn_lowlevel/obj_000051_0.input.npz",
  "input_point_cloud_frame": "fresh_capture_mujoco_world",
  "output_frame": "fresh_capture_mujoco_world",
  "units": {
    "translation": "meters",
    "directions": "unitless_normalized"
  },
  "checkpoint_dir": "/home/ziyaochen/gc6d_lift3d_traj/ros_workspace/src/contact_graspnet_ros/checkpoints/scene_test_2048_bs3_hor_sigma_001",
  "model_status": {
    "type": "success",
    "model_loaded": true,
    "load_elapsed_sec": 17.076117992401123,
    "load_error": null,
    "checkpoint_dir": "/home/ziyaochen/gc6d_lift3d_traj/ros_workspace/src/contact_graspnet_ros/checkpoints/scene_test_2048_bs3_hor_sigma_001",
    "contact_root": "/home/ziyaochen/gc6d_lift3d_franka_7d_generation/third_party/contact_graspnet",
    "cuda_visible_devices": "1",
    "pid": 4020616
  },
  "num_candidates": 10,
  "contact_point_world": [
    [
      0.7288249731503427,
      0.09583199804797769,
      1.0917600392431022
    ],
    [
      0.7288249731503427,
      0.09583199804797769,
      1.0917600392431022
    ],
    [
      0.7088249926894903,
      0.09583199804797769,
      1.1117600201696158
    ],
    [
      0.7088249926894903,
      0.09583199804797769,
      1.1117600201696158
    ],
    [
      0.7488250141471624,
      0.09583199804797769,
      1.0917600392431022
    ],
    [
      0.7488250141471624,
      0.09583199804797769,
      1.0917600392431022
    ],
    [
      0.7288249731503427,
      0.09583199804797769,
      1.1117600201696158
    ],
    [
      0.7288249731503427,
      0.09583199804797769,
      1.1117600201696158
    ],
    [
      0.7088249926894903,
      0.09583199804797769,
      1.0917600392431022
    ],
    [
      0.7088249926894903,
      0.09583199804797769,
      1.0917600392431022
    ]
  ],
  "approach_dir_world": [
    [
      0.308185875415802,
      -0.022885946556925774,
      -0.9510507583618164
    ],
    [
      0.308185875415802,
      -0.022885946556925774,
      -0.9510507583618164
    ],
    [
      0.17508108913898468,
      -0.03405299037694931,
      -0.9839649200439453
    ],
    [
      0.17508108913898468,
      -0.03405299037694931,
      -0.9839649200439453
    ],
    [
      0.25522103905677795,
      0.008715138770639896,
      -0.9668435454368591
    ],
    [
      0.25522103905677795,
      0.008715138770639896,
      -0.9668435454368591
    ],
    [
      0.2859412431716919,
      -0.041476693004369736,
      -0.9573490619659424
    ],
    [
      0.2859412431716919,
      -0.041476693004369736,
      -0.9573490619659424
    ],
    [
      0.23639889061450958,
      0.029747558757662773,
      -0.9712005853652954
    ],
    [
      0.23639889061450958,
      0.029747558757662773,
      -0.9712005853652954
    ]
  ],
  "base_dir_world": [
    [
      -0.8672566413879395,
      0.40413591265678406,
      -0.2907576560974121
    ],
    [
      0.8672566413879395,
      -0.40413591265678406,
      0.2907576560974121
    ],
    [
      0.6875345706939697,
      -0.7111278772354126,
      0.14694663882255554
    ],
    [
      -0.6875345706939697,
      0.7111278772354126,
      -0.14694663882255554
    ],
    [
      -0.2520240247249603,
      0.9659920930862427,
      -0.057820189744234085
    ],
    [
      0.2520240247249603,
      -0.9659920930862427,
      0.057820189744234085
    ],
    [
      -0.5359190702438354,
      0.8212866187095642,
      -0.19565029442310333
    ],
    [
      0.5359190702438354,
      -0.8212866187095642,
      0.19565029442310333
    ],
    [
      0.5594850778579712,
      -0.8213707208633423,
      0.11102533340454102
    ],
    [
      -0.5594850778579712,
      0.8213707208633423,
      -0.11102533340454102
    ]
  ],
  "gripper_opening": [
    0.008972176462411881,
    0.008972176462411881,
    0.008972176462411881,
    0.008972176462411881,
    0.008972176462411881,
    0.008972176462411881,
    0.008972176462411881,
    0.008972176462411881,
    0.008972176462411881,
    0.008972176462411881
  ],
  "score": [
    0.272577702999115,
    0.272577702999115,
    0.2378803789615631,
    0.2378803789615631,
    0.2554124891757965,
    0.2554124891757965,
    0.23230256140232086,
    0.23230256140232086,
    0.3104749023914337,
    0.3104749023914337
  ],
  "object_id": [
    0,
    0,
    0,
    0,
    0,
    0,
    0,
    0,
    0,
    0
  ],
  "source_index": [
    3,
    3,
    32,
    32,
    38,
    38,
    58,
    58,
    61,
    61
  ],
  "selection_index": [
    2,
    2,
    12,
    12,
    14,
    14,
    23,
    23,
    24,
    24
  ],
  "segment_key": [
    1,
    1,
    1,
    1,
    1,
    1,
    1,
    1,
    1,
    1
  ],
  "symmetry_variant": [
    0,
    1,
    0,
    1,
    0,
    1,
    0,
    1,
    0,
    1
  ],
  "offset_bin_value": [
    0.0039721764624118805,
    0.0039721764624118805,
    0.0039721764624118805,
    0.0039721764624118805,
    0.0039721764624118805,
    0.0039721764624118805,
    0.0039721764624118805,
    0.0039721764624118805,
    0.0039721764624118805,
    0.0039721764624118805
  ],
  "offset_bin_index": [
    0,
    0,
    0,
    0,
    0,
    0,
    0,
    0,
    0,
    0
  ],
  "built_pose_world_torc": [
    [
      [
        -0.39100801944732666,
        -0.8672566413879395,
        0.308185875415802,
        0.695236104118824
      ],
      [
        -0.9144124984741211,
        0.40413591265678406,
        -0.022885946556925774,
        0.09900105407610536
      ],
      [
        -0.10470099002122879,
        -0.2907576560974121,
        -0.9510507583618164,
        1.1895212176322938
      ],
      [
        0.0,
        0.0,
        0.0,
        1.0
      ]
    ],
    [
      [
        0.39100801944732666,
        0.8672566413879395,
        0.308185875415802,
        0.695236104118824
      ],
      [
        0.9144124984741211,
        -0.40413591265678406,
        -0.022885946556925774,
        0.09900105407610536
      ],
      [
        0.10470099002122879,
        0.2907576560974121,
        -0.9510507583618164,
        1.1895212176322938
      ],
      [
        0.0,
        0.0,
        0.0,
        1.0
      ]
    ],
    [
      [
        0.704728901386261,
        0.6875345706939697,
        0.17508108913898468,
        0.6920871125042438
      ],
      [
        0.7022374868392944,
        -0.7111278772354126,
        -0.03405299037694931,
        0.0979407153852284
      ],
      [
        0.10109243541955948,
        0.14694663882255554,
        -0.9839649200439453,
        1.2137938383102418
      ],
      [
        0.0,
        0.0,
        0.0,
        1.0
      ]
    ],
    [
      [
        -0.704728901386261,
        -0.6875345706939697,
        0.17508108913898468,
        0.6920871125042438
      ],
      [
        -0.7022374868392944,
        0.7111278772354126,
        -0.03405299037694931,
        0.0979407153852284
      ],
      [
        -0.10109243541955948,
        -0.14694663882255554,
        -0.9839649200439453,
        1.2137938383102418
      ],
      [
        0.0,
        0.0,
        0.0,
        1.0
      ]
    ],
    [
      [
        -0.9334593415260315,
        -0.2520240247249603,
        0.25522103905677795,
        0.721934617075324
      ],
      [
        -0.2584247291088104,
        0.9659920930862427,
        0.008715138770639896,
        0.09684939904287458
      ],
      [
        -0.24873793125152588,
        -0.057820189744234085,
        -0.9668435454368591,
        1.1916168275356294
      ],
      [
        0.0,
        0.0,
        0.0,
        1.0
      ]
    ],
    [
      [
        0.9334593415260315,
        0.2520240247249603,
        0.25522103905677795,
        0.721934617075324
      ],
      [
        0.2584247291088104,
        -0.9659920930862427,
        0.008715138770639896,
        0.09684939904287458
      ],
      [
        0.24873793125152588,
        0.057820189744234085,
        -0.9668435454368591,
        1.1916168275356294
      ],
      [
        0.0,
        0.0,
        0.0,
        1.0
      ]
    ],
    [
      [
        -0.7943729162216187,
        -0.5359190702438354,
        0.2859412431716919,
        0.6981942640125751
      ],
      [
        -0.569006085395813,
        0.8212866187095642,
        -0.041476693004369736,
        0.10175183637216688
      ],
      [
        -0.21261157095432281,
        -0.19565029442310333,
        -0.9573490619659424,
        1.2103613334774972
      ],
      [
        0.0,
        0.0,
        0.0,
        1.0
      ]
    ],
    [
      [
        0.7943729162216187,
        0.5359190702438354,
        0.2859412431716919,
        0.6981942640125751
      ],
      [
        0.569006085395813,
        -0.8212866187095642,
        -0.041476693004369736,
        0.10175183637216688
      ],
      [
        0.21261157095432281,
        0.19565029442310333,
        -0.9573490619659424,
        1.2103613334774972
      ],
      [
        0.0,
        0.0,
        0.0,
        1.0
      ]
    ],
    [
      [
        0.7944129705429077,
        0.5594850778579712,
        0.23639889061450958,
        0.6854925365626812
      ],
      [
        0.5696185231208801,
        -0.8213707208633423,
        0.029747558757662773,
        0.09112478641942144
      ],
      [
        0.2108144462108612,
        0.11102533340454102,
        -0.9712005853652954,
        1.1924026849746705
      ],
      [
        0.0,
        0.0,
        0.0,
        1.0
      ]
    ],
    [
      [
        -0.7944129705429077,
        -0.5594850778579712,
        0.23639889061450958,
        0.6854925365626812
      ],
      [
        -0.5696185231208801,
        0.8213707208633423,
        0.029747558757662773,
        0.09112478641942144
      ],
      [
        -0.2108144462108612,
        -0.11102533340454102,
        -0.9712005853652954,
        1.1924026849746705
      ],
      [
        0.0,
        0.0,
        0.0,
        1.0
      ]
    ]
  ],
  "elapsed_sec": 1.1562104225158691,
  "source_field_audit": {
    "contact_point_world": {
      "source_variable": "model_ops['pred_points'] -> contact_point, after CGN convert_cam_coords and FRAME_ROTATE.T",
      "shape": "N x 3",
      "frame": "fresh_capture_mujoco_world",
      "units": "meters",
      "evidence": "proven_source_tensor_fetch"
    },
    "approach_dir_world": {
      "source_variable": "model_ops['approach_dir_pred'] -> approach_dir, after CGN convert_cam_coords and FRAME_ROTATE.T",
      "shape": "N x 3",
      "frame": "fresh_capture_mujoco_world",
      "units": "unit vector",
      "evidence": "proven_source_tensor_fetch"
    },
    "base_dir_world": {
      "source_variable": "model_ops['grasp_dir_pred'] -> base_dir, after CGN convert_cam_coords, FRAME_ROTATE.T, plus ROTATE_Z symmetry duplicate sign flip",
      "shape": "N x 3",
      "frame": "fresh_capture_mujoco_world",
      "units": "unit vector",
      "evidence": "proven_source_tensor_fetch"
    },
    "gripper_opening": {
      "source_variable": "min(model_ops['offset_bin_pred_vals'] + TEST.extra_opening, DATA.gripper_width)",
      "shape": "N",
      "frame": "not_applicable",
      "units": "meters",
      "evidence": "proven_source_tensor_fetch_and_config_formula"
    },
    "score": {
      "source_variable": "model_ops['binary_seg_pred']",
      "shape": "N",
      "frame": "not_applicable",
      "units": "unitless confidence",
      "evidence": "proven_source_tensor_fetch"
    },
    "object_id": {
      "source_variable": "pc_segments key - 1 after mask-bit grouping and CGN filter_segment",
      "shape": "N",
      "frame": "segmentation namespace",
      "units": "integer segment/object id",
      "evidence": "proven_source_mapping"
    },
    "source_index": {
      "source_variable": "selected CGN source tensor index before filter_segment",
      "shape": "N",
      "frame": "CGN selected tensor index",
      "units": "integer",
      "evidence": "proven_source_mapping"
    },
    "selection_index": {
      "source_variable": "position in selected/filter_segment candidate list",
      "shape": "N",
      "frame": "CGN selected candidate order",
      "units": "integer",
      "evidence": "proven_source_mapping"
    }
  },
  "client_elapsed_sec": 1.1766765117645264
}