{
  "type": "success",
  "cmd": "infer_lowlevel",
  "command_version": "cgn_zmq_infer_lowlevel_v1",
  "evidence_level": "proven",
  "input_source": "/mnt/ssd/ziyaochen/torc_franka_lift3d_pipeline_v2/phase4_artifacts/cgn_lowlevel/scene20/obj_000020_0.input.npz",
  "input_point_cloud_frame": "fresh_capture_mujoco_world",
  "output_frame": "fresh_capture_mujoco_world",
  "units": {
    "translation": "meters",
    "directions": "unitless_normalized"
  },
  "checkpoint_dir": "/home/ziyaochen/gc6d_lift3d_traj/ros_workspace/src/contact_graspnet_ros/checkpoints/scene_test_2048_bs3_hor_sigma_001",
  "model_status": {
    "type": "success",
    "model_loaded": true,
    "load_elapsed_sec": 17.076117992401123,
    "load_error": null,
    "checkpoint_dir": "/home/ziyaochen/gc6d_lift3d_traj/ros_workspace/src/contact_graspnet_ros/checkpoints/scene_test_2048_bs3_hor_sigma_001",
    "contact_root": "/home/ziyaochen/gc6d_lift3d_franka_7d_generation/third_party/contact_graspnet",
    "cuda_visible_devices": "1",
    "pid": 4020616
  },
  "num_candidates": 20,
  "contact_point_world": [
    [
      0.8403679725006222,
      -0.13728800282813608,
      1.075620055221021
    ],
    [
      0.8403679725006222,
      -0.13728800282813608,
      1.075620055221021
    ],
    [
      0.8203679920397698,
      -0.13728800282813608,
      1.075620055221021
    ],
    [
      0.8203679920397698,
      -0.13728800282813608,
      1.075620055221021
    ],
    [
      0.8403679725006222,
      -0.13728800282813608,
      1.075620055221021
    ],
    [
      0.8403679725006222,
      -0.13728800282813608,
      1.075620055221021
    ],
    [
      0.8203679920397698,
      -0.13728800282813608,
      1.075620055221021
    ],
    [
      0.8203679920397698,
      -0.13728800282813608,
      1.075620055221021
    ],
    [
      0.8403679725006222,
      -0.13728800282813608,
      1.075620055221021
    ],
    [
      0.8403679725006222,
      -0.13728800282813608,
      1.075620055221021
    ],
    [
      0.8203679920397698,
      -0.13728800282813608,
      1.075620055221021
    ],
    [
      0.8203679920397698,
      -0.13728800282813608,
      1.075620055221021
    ],
    [
      0.8403679725006222,
      -0.13728800282813608,
      1.075620055221021
    ],
    [
      0.8403679725006222,
      -0.13728800282813608,
      1.075620055221021
    ],
    [
      0.8203679920397698,
      -0.13728800282813608,
      1.075620055221021
    ],
    [
      0.8203679920397698,
      -0.13728800282813608,
      1.075620055221021
    ],
    [
      0.8403679725006222,
      -0.13728800282813608,
      1.075620055221021
    ],
    [
      0.8403679725006222,
      -0.13728800282813608,
      1.075620055221021
    ],
    [
      0.8203679920397698,
      -0.13728800282813608,
      1.075620055221021
    ],
    [
      0.8203679920397698,
      -0.13728800282813608,
      1.075620055221021
    ]
  ],
  "approach_dir_world": [
    [
      0.5508134365081787,
      0.12018850445747375,
      -0.8259292244911194
    ],
    [
      0.5508134365081787,
      0.12018850445747375,
      -0.8259292244911194
    ],
    [
      0.5059294700622559,
      -0.08224430680274963,
      -0.8586450219154358
    ],
    [
      0.5059294700622559,
      -0.08224430680274963,
      -0.8586450219154358
    ],
    [
      0.5508134365081787,
      0.12018850445747375,
      -0.8259292244911194
    ],
    [
      0.5508134365081787,
      0.12018850445747375,
      -0.8259292244911194
    ],
    [
      0.5059294700622559,
      -0.08224430680274963,
      -0.8586450219154358
    ],
    [
      0.5059294700622559,
      -0.08224430680274963,
      -0.8586450219154358
    ],
    [
      0.5508134365081787,
      0.12018850445747375,
      -0.8259292244911194
    ],
    [
      0.5508134365081787,
      0.12018850445747375,
      -0.8259292244911194
    ],
    [
      0.5059294700622559,
      -0.08224430680274963,
      -0.8586450219154358
    ],
    [
      0.5059294700622559,
      -0.08224430680274963,
      -0.8586450219154358
    ],
    [
      0.5508134365081787,
      0.12018850445747375,
      -0.8259292244911194
    ],
    [
      0.5508134365081787,
      0.12018850445747375,
      -0.8259292244911194
    ],
    [
      0.5059294700622559,
      -0.08224430680274963,
      -0.8586450219154358
    ],
    [
      0.5059294700622559,
      -0.08224430680274963,
      -0.8586450219154358
    ],
    [
      0.5508134365081787,
      0.12018850445747375,
      -0.8259292244911194
    ],
    [
      0.5508134365081787,
      0.12018850445747375,
      -0.8259292244911194
    ],
    [
      0.5059294700622559,
      -0.08224430680274963,
      -0.8586450219154358
    ],
    [
      0.5059294700622559,
      -0.08224430680274963,
      -0.8586450219154358
    ]
  ],
  "base_dir_world": [
    [
      -0.12806861102581024,
      0.9900290966033936,
      0.058658987283706665
    ],
    [
      0.12806861102581024,
      -0.9900290966033936,
      -0.058658987283706665
    ],
    [
      0.1570299118757248,
      -0.9700279831886292,
      0.1854379028081894
    ],
    [
      -0.1570299118757248,
      0.9700279831886292,
      -0.1854379028081894
    ],
    [
      -0.12806861102581024,
      0.9900290966033936,
      0.058658987283706665
    ],
    [
      0.12806861102581024,
      -0.9900290966033936,
      -0.058658987283706665
    ],
    [
      0.1570299118757248,
      -0.9700279831886292,
      0.1854379028081894
    ],
    [
      -0.1570299118757248,
      0.9700279831886292,
      -0.1854379028081894
    ],
    [
      -0.12806861102581024,
      0.9900290966033936,
      0.058658987283706665
    ],
    [
      0.12806861102581024,
      -0.9900290966033936,
      -0.058658987283706665
    ],
    [
      0.1570299118757248,
      -0.9700279831886292,
      0.1854379028081894
    ],
    [
      -0.1570299118757248,
      0.9700279831886292,
      -0.1854379028081894
    ],
    [
      -0.12806861102581024,
      0.9900290966033936,
      0.058658987283706665
    ],
    [
      0.12806861102581024,
      -0.9900290966033936,
      -0.058658987283706665
    ],
    [
      0.1570299118757248,
      -0.9700279831886292,
      0.1854379028081894
    ],
    [
      -0.1570299118757248,
      0.9700279831886292,
      -0.1854379028081894
    ],
    [
      -0.12806861102581024,
      0.9900290966033936,
      0.058658987283706665
    ],
    [
      0.12806861102581024,
      -0.9900290966033936,
      -0.058658987283706665
    ],
    [
      0.1570299118757248,
      -0.9700279831886292,
      0.1854379028081894
    ],
    [
      -0.1570299118757248,
      0.9700279831886292,
      -0.1854379028081894
    ]
  ],
  "gripper_opening": [
    0.05663827165961265,
    0.05663827165961265,
    0.008972176462411881,
    0.008972176462411881,
    0.05663827165961265,
    0.05663827165961265,
    0.008972176462411881,
    0.008972176462411881,
    0.05663827165961265,
    0.05663827165961265,
    0.008972176462411881,
    0.008972176462411881,
    0.05663827165961265,
    0.05663827165961265,
    0.008972176462411881,
    0.008972176462411881,
    0.05663827165961265,
    0.05663827165961265,
    0.008972176462411881,
    0.008972176462411881
  ],
  "score": [
    0.23549264669418335,
    0.23549264669418335,
    0.2990919053554535,
    0.2990919053554535,
    0.23549264669418335,
    0.23549264669418335,
    0.2990919053554535,
    0.2990919053554535,
    0.23549264669418335,
    0.23549264669418335,
    0.2990919053554535,
    0.2990919053554535,
    0.23549264669418335,
    0.23549264669418335,
    0.2990919053554535,
    0.2990919053554535,
    0.23549264669418335,
    0.23549264669418335,
    0.2990919053554535,
    0.2990919053554535
  ],
  "object_id": [
    0,
    0,
    0,
    0,
    0,
    0,
    0,
    0,
    0,
    0,
    0,
    0,
    0,
    0,
    0,
    0,
    0,
    0,
    0,
    0
  ],
  "source_index": [
    21,
    21,
    88,
    88,
    2069,
    2069,
    2136,
    2136,
    4117,
    4117,
    4184,
    4184,
    6165,
    6165,
    6232,
    6232,
    8213,
    8213,
    8280,
    8280
  ],
  "selection_index": [
    11,
    11,
    42,
    42,
    55,
    55,
    86,
    86,
    99,
    99,
    130,
    130,
    143,
    143,
    174,
    174,
    187,
    187,
    218,
    218
  ],
  "segment_key": [
    1,
    1,
    1,
    1,
    1,
    1,
    1,
    1,
    1,
    1,
    1,
    1,
    1,
    1,
    1,
    1,
    1,
    1,
    1,
    1
  ],
  "symmetry_variant": [
    0,
    1,
    0,
    1,
    0,
    1,
    0,
    1,
    0,
    1,
    0,
    1,
    0,
    1,
    0,
    1,
    0,
    1,
    0,
    1
  ],
  "offset_bin_value": [
    0.051638271659612656,
    0.051638271659612656,
    0.0039721764624118805,
    0.0039721764624118805,
    0.051638271659612656,
    0.051638271659612656,
    0.0039721764624118805,
    0.0039721764624118805,
    0.051638271659612656,
    0.051638271659612656,
    0.0039721764624118805,
    0.0039721764624118805,
    0.051638271659612656,
    0.051638271659612656,
    0.0039721764624118805,
    0.0039721764624118805,
    0.051638271659612656,
    0.051638271659612656,
    0.0039721764624118805,
    0.0039721764624118805
  ],
  "offset_bin_index": [
    6,
    6,
    0,
    0,
    6,
    6,
    0,
    0,
    6,
    6,
    0,
    0,
    6,
    6,
    0,
    0,
    6,
    6,
    0,
    0
  ],
  "built_pose_world_torc": [
    [
      [
        -0.8247441053390503,
        -0.12806861102581024,
        0.5508134365081787,
        0.7801072454303503
      ],
      [
        -0.07346545159816742,
        0.9900290966033936,
        0.12018850445747375,
        -0.12415380270220339
      ],
      [
        -0.5607137084007263,
        0.058658987283706665,
        -0.8259292244911194,
        1.1625356609225272
      ],
      [
        0.0,
        0.0,
        0.0,
        1.0
      ]
    ],
    [
      [
        0.8247441053390503,
        0.12806861102581024,
        0.5508134365081787,
        0.7801072454303503
      ],
      [
        0.07346545159816742,
        -0.9900290966033936,
        0.12018850445747375,
        -0.12415380270220339
      ],
      [
        0.5607137084007263,
        -0.058658987283706665,
        -0.8259292244911194,
        1.1625356609225272
      ],
      [
        0.0,
        0.0,
        0.0,
        1.0
      ]
    ],
    [
      [
        0.8481609225273132,
        0.1570299118757248,
        0.5059294700622559,
        0.7683667583614587
      ],
      [
        0.22865144908428192,
        -0.9700279831886292,
        -0.08224430680274963,
        -0.13071049989201128
      ],
      [
        0.47785091400146484,
        0.1854379028081894,
        -0.8586450219154358,
        1.1647722507119178
      ],
      [
        0.0,
        0.0,
        0.0,
        1.0
      ]
    ],
    [
      [
        -0.8481609225273132,
        -0.1570299118757248,
        0.5059294700622559,
        0.7683667583614587
      ],
      [
        -0.22865144908428192,
        0.9700279831886292,
        -0.08224430680274963,
        -0.13071049989201128
      ],
      [
        -0.47785091400146484,
        -0.1854379028081894,
        -0.8586450219154358,
        1.1647722507119178
      ],
      [
        0.0,
        0.0,
        0.0,
        1.0
      ]
    ],
    [
      [
        -0.8247441053390503,
        -0.12806861102581024,
        0.5508134365081787,
        0.7801072454303503
      ],
      [
        -0.07346545159816742,
        0.9900290966033936,
        0.12018850445747375,
        -0.12415380270220339
      ],
      [
        -0.5607137084007263,
        0.058658987283706665,
        -0.8259292244911194,
        1.1625356609225272
      ],
      [
        0.0,
        0.0,
        0.0,
        1.0
      ]
    ],
    [
      [
        0.8247441053390503,
        0.12806861102581024,
        0.5508134365081787,
        0.7801072454303503
      ],
      [
        0.07346545159816742,
        -0.9900290966033936,
        0.12018850445747375,
        -0.12415380270220339
      ],
      [
        0.5607137084007263,
        -0.058658987283706665,
        -0.8259292244911194,
        1.1625356609225272
      ],
      [
        0.0,
        0.0,
        0.0,
        1.0
      ]
    ],
    [
      [
        0.8481609225273132,
        0.1570299118757248,
        0.5059294700622559,
        0.7683667583614587
      ],
      [
        0.22865144908428192,
        -0.9700279831886292,
        -0.08224430680274963,
        -0.13071049989201128
      ],
      [
        0.47785091400146484,
        0.1854379028081894,
        -0.8586450219154358,
        1.1647722507119178
      ],
      [
        0.0,
        0.0,
        0.0,
        1.0
      ]
    ],
    [
      [
        -0.8481609225273132,
        -0.1570299118757248,
        0.5059294700622559,
        0.7683667583614587
      ],
      [
        -0.22865144908428192,
        0.9700279831886292,
        -0.08224430680274963,
        -0.13071049989201128
      ],
      [
        -0.47785091400146484,
        -0.1854379028081894,
        -0.8586450219154358,
        1.1647722507119178
      ],
      [
        0.0,
        0.0,
        0.0,
        1.0
      ]
    ],
    [
      [
        -0.8247441053390503,
        -0.12806861102581024,
        0.5508134365081787,
        0.7801072454303503
      ],
      [
        -0.07346545159816742,
        0.9900290966033936,
        0.12018850445747375,
        -0.12415380270220339
      ],
      [
        -0.5607137084007263,
        0.058658987283706665,
        -0.8259292244911194,
        1.1625356609225272
      ],
      [
        0.0,
        0.0,
        0.0,
        1.0
      ]
    ],
    [
      [
        0.8247441053390503,
        0.12806861102581024,
        0.5508134365081787,
        0.7801072454303503
      ],
      [
        0.07346545159816742,
        -0.9900290966033936,
        0.12018850445747375,
        -0.12415380270220339
      ],
      [
        0.5607137084007263,
        -0.058658987283706665,
        -0.8259292244911194,
        1.1625356609225272
      ],
      [
        0.0,
        0.0,
        0.0,
        1.0
      ]
    ],
    [
      [
        0.8481609225273132,
        0.1570299118757248,
        0.5059294700622559,
        0.7683667583614587
      ],
      [
        0.22865144908428192,
        -0.9700279831886292,
        -0.08224430680274963,
        -0.13071049989201128
      ],
      [
        0.47785091400146484,
        0.1854379028081894,
        -0.8586450219154358,
        1.1647722507119178
      ],
      [
        0.0,
        0.0,
        0.0,
        1.0
      ]
    ],
    [
      [
        -0.8481609225273132,
        -0.1570299118757248,
        0.5059294700622559,
        0.7683667583614587
      ],
      [
        -0.22865144908428192,
        0.9700279831886292,
        -0.08224430680274963,
        -0.13071049989201128
      ],
      [
        -0.47785091400146484,
        -0.1854379028081894,
        -0.8586450219154358,
        1.1647722507119178
      ],
      [
        0.0,
        0.0,
        0.0,
        1.0
      ]
    ],
    [
      [
        -0.8247441053390503,
        -0.12806861102581024,
        0.5508134365081787,
        0.7801072454303503
      ],
      [
        -0.07346545159816742,
        0.9900290966033936,
        0.12018850445747375,
        -0.12415380270220339
      ],
      [
        -0.5607137084007263,
        0.058658987283706665,
        -0.8259292244911194,
        1.1625356609225272
      ],
      [
        0.0,
        0.0,
        0.0,
        1.0
      ]
    ],
    [
      [
        0.8247441053390503,
        0.12806861102581024,
        0.5508134365081787,
        0.7801072454303503
      ],
      [
        0.07346545159816742,
        -0.9900290966033936,
        0.12018850445747375,
        -0.12415380270220339
      ],
      [
        0.5607137084007263,
        -0.058658987283706665,
        -0.8259292244911194,
        1.1625356609225272
      ],
      [
        0.0,
        0.0,
        0.0,
        1.0
      ]
    ],
    [
      [
        0.8481609225273132,
        0.1570299118757248,
        0.5059294700622559,
        0.7683667583614587
      ],
      [
        0.22865144908428192,
        -0.9700279831886292,
        -0.08224430680274963,
        -0.13071049989201128
      ],
      [
        0.47785091400146484,
        0.1854379028081894,
        -0.8586450219154358,
        1.1647722507119178
      ],
      [
        0.0,
        0.0,
        0.0,
        1.0
      ]
    ],
    [
      [
        -0.8481609225273132,
        -0.1570299118757248,
        0.5059294700622559,
        0.7683667583614587
      ],
      [
        -0.22865144908428192,
        0.9700279831886292,
        -0.08224430680274963,
        -0.13071049989201128
      ],
      [
        -0.47785091400146484,
        -0.1854379028081894,
        -0.8586450219154358,
        1.1647722507119178
      ],
      [
        0.0,
        0.0,
        0.0,
        1.0
      ]
    ],
    [
      [
        -0.8247441053390503,
        -0.12806861102581024,
        0.5508134365081787,
        0.7801072454303503
      ],
      [
        -0.07346545159816742,
        0.9900290966033936,
        0.12018850445747375,
        -0.12415380270220339
      ],
      [
        -0.5607137084007263,
        0.058658987283706665,
        -0.8259292244911194,
        1.1625356609225272
      ],
      [
        0.0,
        0.0,
        0.0,
        1.0
      ]
    ],
    [
      [
        0.8247441053390503,
        0.12806861102581024,
        0.5508134365081787,
        0.7801072454303503
      ],
      [
        0.07346545159816742,
        -0.9900290966033936,
        0.12018850445747375,
        -0.12415380270220339
      ],
      [
        0.5607137084007263,
        -0.058658987283706665,
        -0.8259292244911194,
        1.1625356609225272
      ],
      [
        0.0,
        0.0,
        0.0,
        1.0
      ]
    ],
    [
      [
        0.8481609225273132,
        0.1570299118757248,
        0.5059294700622559,
        0.7683667583614587
      ],
      [
        0.22865144908428192,
        -0.9700279831886292,
        -0.08224430680274963,
        -0.13071049989201128
      ],
      [
        0.47785091400146484,
        0.1854379028081894,
        -0.8586450219154358,
        1.1647722507119178
      ],
      [
        0.0,
        0.0,
        0.0,
        1.0
      ]
    ],
    [
      [
        -0.8481609225273132,
        -0.1570299118757248,
        0.5059294700622559,
        0.7683667583614587
      ],
      [
        -0.22865144908428192,
        0.9700279831886292,
        -0.08224430680274963,
        -0.13071049989201128
      ],
      [
        -0.47785091400146484,
        -0.1854379028081894,
        -0.8586450219154358,
        1.1647722507119178
      ],
      [
        0.0,
        0.0,
        0.0,
        1.0
      ]
    ]
  ],
  "elapsed_sec": 0.2599964141845703,
  "source_field_audit": {
    "contact_point_world": {
      "source_variable": "model_ops['pred_points'] -> contact_point, after CGN convert_cam_coords and FRAME_ROTATE.T",
      "shape": "N x 3",
      "frame": "fresh_capture_mujoco_world",
      "units": "meters",
      "evidence": "proven_source_tensor_fetch"
    },
    "approach_dir_world": {
      "source_variable": "model_ops['approach_dir_pred'] -> approach_dir, after CGN convert_cam_coords and FRAME_ROTATE.T",
      "shape": "N x 3",
      "frame": "fresh_capture_mujoco_world",
      "units": "unit vector",
      "evidence": "proven_source_tensor_fetch"
    },
    "base_dir_world": {
      "source_variable": "model_ops['grasp_dir_pred'] -> base_dir, after CGN convert_cam_coords, FRAME_ROTATE.T, plus ROTATE_Z symmetry duplicate sign flip",
      "shape": "N x 3",
      "frame": "fresh_capture_mujoco_world",
      "units": "unit vector",
      "evidence": "proven_source_tensor_fetch"
    },
    "gripper_opening": {
      "source_variable": "min(model_ops['offset_bin_pred_vals'] + TEST.extra_opening, DATA.gripper_width)",
      "shape": "N",
      "frame": "not_applicable",
      "units": "meters",
      "evidence": "proven_source_tensor_fetch_and_config_formula"
    },
    "score": {
      "source_variable": "model_ops['binary_seg_pred']",
      "shape": "N",
      "frame": "not_applicable",
      "units": "unitless confidence",
      "evidence": "proven_source_tensor_fetch"
    },
    "object_id": {
      "source_variable": "pc_segments key - 1 after mask-bit grouping and CGN filter_segment",
      "shape": "N",
      "frame": "segmentation namespace",
      "units": "integer segment/object id",
      "evidence": "proven_source_mapping"
    },
    "source_index": {
      "source_variable": "selected CGN source tensor index before filter_segment",
      "shape": "N",
      "frame": "CGN selected tensor index",
      "units": "integer",
      "evidence": "proven_source_mapping"
    },
    "selection_index": {
      "source_variable": "position in selected/filter_segment candidate list",
      "shape": "N",
      "frame": "CGN selected candidate order",
      "units": "integer",
      "evidence": "proven_source_mapping"
    }
  },
  "client_elapsed_sec": 0.27614378929138184
}