{
  "type": "success",
  "cmd": "infer_lowlevel",
  "command_version": "cgn_zmq_infer_lowlevel_v1",
  "evidence_level": "proven",
  "input_source": "/mnt/ssd/ziyaochen/torc_franka_lift3d_pipeline_v2/phase4_artifacts/cgn_lowlevel/scene20/obj_000032_1.input.npz",
  "input_point_cloud_frame": "fresh_capture_mujoco_world",
  "output_frame": "fresh_capture_mujoco_world",
  "units": {
    "translation": "meters",
    "directions": "unitless_normalized"
  },
  "checkpoint_dir": "/home/ziyaochen/gc6d_lift3d_traj/ros_workspace/src/contact_graspnet_ros/checkpoints/scene_test_2048_bs3_hor_sigma_001",
  "model_status": {
    "type": "success",
    "model_loaded": true,
    "load_elapsed_sec": 17.076117992401123,
    "load_error": null,
    "checkpoint_dir": "/home/ziyaochen/gc6d_lift3d_traj/ros_workspace/src/contact_graspnet_ros/checkpoints/scene_test_2048_bs3_hor_sigma_001",
    "contact_root": "/home/ziyaochen/gc6d_lift3d_franka_7d_generation/third_party/contact_graspnet",
    "cuda_visible_devices": "1",
    "pid": 4020616
  },
  "num_candidates": 70,
  "contact_point_world": [
    [
      0.7504510269254446,
      0.2710489909123629,
      1.0548599963843823
    ],
    [
      0.7504510269254446,
      0.2710489909123629,
      1.0548599963843823
    ],
    [
      0.7504510269254446,
      0.23104900111965834,
      1.0548599963843823
    ],
    [
      0.7504510269254446,
      0.23104900111965834,
      1.0548599963843823
    ],
    [
      0.7504510269254446,
      0.23104900111965834,
      1.0748599763795734
    ],
    [
      0.7504510269254446,
      0.23104900111965834,
      1.0748599763795734
    ],
    [
      0.7704510078519583,
      0.2710489909123629,
      1.0548599963843823
    ],
    [
      0.7704510078519583,
      0.2710489909123629,
      1.0548599963843823
    ],
    [
      0.7704510078519583,
      0.23104900111965834,
      1.0548599963843823
    ],
    [
      0.7704510078519583,
      0.23104900111965834,
      1.0548599963843823
    ],
    [
      0.7904509906411171,
      0.2710489909123629,
      1.0548599963843823
    ],
    [
      0.7904509906411171,
      0.2710489909123629,
      1.0548599963843823
    ],
    [
      0.7704510078519583,
      0.2710489909123629,
      1.0748599763795734
    ],
    [
      0.7704510078519583,
      0.2710489909123629,
      1.0748599763795734
    ],
    [
      0.7504510269254446,
      0.2710489909123629,
      1.0548599963843823
    ],
    [
      0.7504510269254446,
      0.2710489909123629,
      1.0548599963843823
    ],
    [
      0.7504510269254446,
      0.23104900111965834,
      1.0548599963843823
    ],
    [
      0.7504510269254446,
      0.23104900111965834,
      1.0548599963843823
    ],
    [
      0.7504510269254446,
      0.23104900111965834,
      1.0748599763795734
    ],
    [
      0.7504510269254446,
      0.23104900111965834,
      1.0748599763795734
    ],
    [
      0.7704510078519583,
      0.2710489909123629,
      1.0548599963843823
    ],
    [
      0.7704510078519583,
      0.2710489909123629,
      1.0548599963843823
    ],
    [
      0.7704510078519583,
      0.23104900111965834,
      1.0548599963843823
    ],
    [
      0.7704510078519583,
      0.23104900111965834,
      1.0548599963843823
    ],
    [
      0.7904509906411171,
      0.2710489909123629,
      1.0548599963843823
    ],
    [
      0.7904509906411171,
      0.2710489909123629,
      1.0548599963843823
    ],
    [
      0.7704510078519583,
      0.2710489909123629,
      1.0748599763795734
    ],
    [
      0.7704510078519583,
      0.2710489909123629,
      1.0748599763795734
    ],
    [
      0.7504510269254446,
      0.2710489909123629,
      1.0548599963843823
    ],
    [
      0.7504510269254446,
      0.2710489909123629,
      1.0548599963843823
    ],
    [
      0.7504510269254446,
      0.23104900111965834,
      1.0548599963843823
    ],
    [
      0.7504510269254446,
      0.23104900111965834,
      1.0548599963843823
    ],
    [
      0.7504510269254446,
      0.23104900111965834,
      1.0748599763795734
    ],
    [
      0.7504510269254446,
      0.23104900111965834,
      1.0748599763795734
    ],
    [
      0.7704510078519583,
      0.2710489909123629,
      1.0548599963843823
    ],
    [
      0.7704510078519583,
      0.2710489909123629,
      1.0548599963843823
    ],
    [
      0.7704510078519583,
      0.23104900111965834,
      1.0548599963843823
    ],
    [
      0.7704510078519583,
      0.23104900111965834,
      1.0548599963843823
    ],
    [
      0.7904509906411171,
      0.2710489909123629,
      1.0548599963843823
    ],
    [
      0.7904509906411171,
      0.2710489909123629,
      1.0548599963843823
    ],
    [
      0.7704510078519583,
      0.2710489909123629,
      1.0748599763795734
    ],
    [
      0.7704510078519583,
      0.2710489909123629,
      1.0748599763795734
    ],
    [
      0.7504510269254446,
      0.2710489909123629,
      1.0548599963843823
    ],
    [
      0.7504510269254446,
      0.2710489909123629,
      1.0548599963843823
    ],
    [
      0.7504510269254446,
      0.23104900111965834,
      1.0548599963843823
    ],
    [
      0.7504510269254446,
      0.23104900111965834,
      1.0548599963843823
    ],
    [
      0.7504510269254446,
      0.23104900111965834,
      1.0748599763795734
    ],
    [
      0.7504510269254446,
      0.23104900111965834,
      1.0748599763795734
    ],
    [
      0.7704510078519583,
      0.2710489909123629,
      1.0548599963843823
    ],
    [
      0.7704510078519583,
      0.2710489909123629,
      1.0548599963843823
    ],
    [
      0.7704510078519583,
      0.23104900111965834,
      1.0548599963843823
    ],
    [
      0.7704510078519583,
      0.23104900111965834,
      1.0548599963843823
    ],
    [
      0.7904509906411171,
      0.2710489909123629,
      1.0548599963843823
    ],
    [
      0.7904509906411171,
      0.2710489909123629,
      1.0548599963843823
    ],
    [
      0.7704510078519583,
      0.2710489909123629,
      1.0748599763795734
    ],
    [
      0.7704510078519583,
      0.2710489909123629,
      1.0748599763795734
    ],
    [
      0.7504510269254446,
      0.2710489909123629,
      1.0548599963843823
    ],
    [
      0.7504510269254446,
      0.2710489909123629,
      1.0548599963843823
    ],
    [
      0.7504510269254446,
      0.23104900111965834,
      1.0548599963843823
    ],
    [
      0.7504510269254446,
      0.23104900111965834,
      1.0548599963843823
    ],
    [
      0.7504510269254446,
      0.23104900111965834,
      1.0748599763795734
    ],
    [
      0.7504510269254446,
      0.23104900111965834,
      1.0748599763795734
    ],
    [
      0.7704510078519583,
      0.2710489909123629,
      1.0548599963843823
    ],
    [
      0.7704510078519583,
      0.2710489909123629,
      1.0548599963843823
    ],
    [
      0.7704510078519583,
      0.23104900111965834,
      1.0548599963843823
    ],
    [
      0.7704510078519583,
      0.23104900111965834,
      1.0548599963843823
    ],
    [
      0.7904509906411171,
      0.2710489909123629,
      1.0548599963843823
    ],
    [
      0.7904509906411171,
      0.2710489909123629,
      1.0548599963843823
    ],
    [
      0.7704510078519583,
      0.2710489909123629,
      1.0748599763795734
    ],
    [
      0.7704510078519583,
      0.2710489909123629,
      1.0748599763795734
    ]
  ],
  "approach_dir_world": [
    [
      0.2740572988986969,
      0.10253792256116867,
      -0.956231415271759
    ],
    [
      0.2740572988986969,
      0.10253792256116867,
      -0.956231415271759
    ],
    [
      0.3910202383995056,
      0.06244519352912903,
      -0.9182612895965576
    ],
    [
      0.3910202383995056,
      0.06244519352912903,
      -0.9182612895965576
    ],
    [
      0.21075989305973053,
      -0.0259731262922287,
      -0.9771926999092102
    ],
    [
      0.21075989305973053,
      -0.0259731262922287,
      -0.9771926999092102
    ],
    [
      0.45099395513534546,
      0.03732459992170334,
      -0.8917462229728699
    ],
    [
      0.45099395513534546,
      0.03732459992170334,
      -0.8917462229728699
    ],
    [
      0.3630553185939789,
      0.02804156392812729,
      -0.931345522403717
    ],
    [
      0.3630553185939789,
      0.02804156392812729,
      -0.931345522403717
    ],
    [
      0.35952794551849365,
      0.0528089664876461,
      -0.931638777256012
    ],
    [
      0.35952794551849365,
      0.0528089664876461,
      -0.931638777256012
    ],
    [
      0.43207088112831116,
      0.038536421954631805,
      -0.9010159373283386
    ],
    [
      0.43207088112831116,
      0.038536421954631805,
      -0.9010159373283386
    ],
    [
      0.2740572988986969,
      0.10253792256116867,
      -0.956231415271759
    ],
    [
      0.2740572988986969,
      0.10253792256116867,
      -0.956231415271759
    ],
    [
      0.3910202383995056,
      0.06244519352912903,
      -0.9182612895965576
    ],
    [
      0.3910202383995056,
      0.06244519352912903,
      -0.9182612895965576
    ],
    [
      0.21075989305973053,
      -0.0259731262922287,
      -0.9771926999092102
    ],
    [
      0.21075989305973053,
      -0.0259731262922287,
      -0.9771926999092102
    ],
    [
      0.45099395513534546,
      0.03732459992170334,
      -0.8917462229728699
    ],
    [
      0.45099395513534546,
      0.03732459992170334,
      -0.8917462229728699
    ],
    [
      0.3630553185939789,
      0.02804156392812729,
      -0.931345522403717
    ],
    [
      0.3630553185939789,
      0.02804156392812729,
      -0.931345522403717
    ],
    [
      0.35952794551849365,
      0.0528089664876461,
      -0.931638777256012
    ],
    [
      0.35952794551849365,
      0.0528089664876461,
      -0.931638777256012
    ],
    [
      0.43207088112831116,
      0.038536421954631805,
      -0.9010159373283386
    ],
    [
      0.43207088112831116,
      0.038536421954631805,
      -0.9010159373283386
    ],
    [
      0.2740572988986969,
      0.10253792256116867,
      -0.956231415271759
    ],
    [
      0.2740572988986969,
      0.10253792256116867,
      -0.956231415271759
    ],
    [
      0.3910202383995056,
      0.06244519352912903,
      -0.9182612895965576
    ],
    [
      0.3910202383995056,
      0.06244519352912903,
      -0.9182612895965576
    ],
    [
      0.21075989305973053,
      -0.0259731262922287,
      -0.9771926999092102
    ],
    [
      0.21075989305973053,
      -0.0259731262922287,
      -0.9771926999092102
    ],
    [
      0.45099395513534546,
      0.03732459992170334,
      -0.8917462229728699
    ],
    [
      0.45099395513534546,
      0.03732459992170334,
      -0.8917462229728699
    ],
    [
      0.3630553185939789,
      0.02804156392812729,
      -0.931345522403717
    ],
    [
      0.3630553185939789,
      0.02804156392812729,
      -0.931345522403717
    ],
    [
      0.35952794551849365,
      0.0528089664876461,
      -0.931638777256012
    ],
    [
      0.35952794551849365,
      0.0528089664876461,
      -0.931638777256012
    ],
    [
      0.43207088112831116,
      0.038536421954631805,
      -0.9010159373283386
    ],
    [
      0.43207088112831116,
      0.038536421954631805,
      -0.9010159373283386
    ],
    [
      0.2740572988986969,
      0.10253792256116867,
      -0.956231415271759
    ],
    [
      0.2740572988986969,
      0.10253792256116867,
      -0.956231415271759
    ],
    [
      0.3910202383995056,
      0.06244519352912903,
      -0.9182612895965576
    ],
    [
      0.3910202383995056,
      0.06244519352912903,
      -0.9182612895965576
    ],
    [
      0.21075989305973053,
      -0.0259731262922287,
      -0.9771926999092102
    ],
    [
      0.21075989305973053,
      -0.0259731262922287,
      -0.9771926999092102
    ],
    [
      0.45099395513534546,
      0.03732459992170334,
      -0.8917462229728699
    ],
    [
      0.45099395513534546,
      0.03732459992170334,
      -0.8917462229728699
    ],
    [
      0.3630553185939789,
      0.02804156392812729,
      -0.931345522403717
    ],
    [
      0.3630553185939789,
      0.02804156392812729,
      -0.931345522403717
    ],
    [
      0.35952794551849365,
      0.0528089664876461,
      -0.931638777256012
    ],
    [
      0.35952794551849365,
      0.0528089664876461,
      -0.931638777256012
    ],
    [
      0.43207088112831116,
      0.038536421954631805,
      -0.9010159373283386
    ],
    [
      0.43207088112831116,
      0.038536421954631805,
      -0.9010159373283386
    ],
    [
      0.2740572988986969,
      0.10253792256116867,
      -0.956231415271759
    ],
    [
      0.2740572988986969,
      0.10253792256116867,
      -0.956231415271759
    ],
    [
      0.3910202383995056,
      0.06244519352912903,
      -0.9182612895965576
    ],
    [
      0.3910202383995056,
      0.06244519352912903,
      -0.9182612895965576
    ],
    [
      0.21075989305973053,
      -0.0259731262922287,
      -0.9771926999092102
    ],
    [
      0.21075989305973053,
      -0.0259731262922287,
      -0.9771926999092102
    ],
    [
      0.45099395513534546,
      0.03732459992170334,
      -0.8917462229728699
    ],
    [
      0.45099395513534546,
      0.03732459992170334,
      -0.8917462229728699
    ],
    [
      0.3630553185939789,
      0.02804156392812729,
      -0.931345522403717
    ],
    [
      0.3630553185939789,
      0.02804156392812729,
      -0.931345522403717
    ],
    [
      0.35952794551849365,
      0.0528089664876461,
      -0.931638777256012
    ],
    [
      0.35952794551849365,
      0.0528089664876461,
      -0.931638777256012
    ],
    [
      0.43207088112831116,
      0.038536421954631805,
      -0.9010159373283386
    ],
    [
      0.43207088112831116,
      0.038536421954631805,
      -0.9010159373283386
    ]
  ],
  "base_dir_world": [
    [
      0.36000803112983704,
      -0.9329439401626587,
      0.003138036699965596
    ],
    [
      -0.36000803112983704,
      0.9329439401626587,
      -0.003138036699965596
    ],
    [
      0.1246512308716774,
      0.9849103093147278,
      0.12005739659070969
    ],
    [
      -0.1246512308716774,
      -0.9849103093147278,
      -0.12005739659070969
    ],
    [
      0.40060487389564514,
      -0.9095538854598999,
      0.11057735234498978
    ],
    [
      -0.40060487389564514,
      0.9095538854598999,
      -0.11057735234498978
    ],
    [
      0.07459330558776855,
      -0.9972059726715088,
      -0.004013680852949619
    ],
    [
      -0.07459330558776855,
      0.9972059726715088,
      0.004013680852949619
    ],
    [
      -0.13678599894046783,
      0.990321695804596,
      -0.023504389449954033
    ],
    [
      0.13678599894046783,
      -0.990321695804596,
      0.023504389449954033
    ],
    [
      -0.10621354728937149,
      -0.9895926117897034,
      -0.09708279371261597
    ],
    [
      0.10621354728937149,
      0.9895926117897034,
      0.09708279371261597
    ],
    [
      -0.07072588801383972,
      -0.9945615530014038,
      -0.0764530748128891
    ],
    [
      0.07072588801383972,
      0.9945615530014038,
      0.0764530748128891
    ],
    [
      0.36000803112983704,
      -0.9329439401626587,
      0.003138036699965596
    ],
    [
      -0.36000803112983704,
      0.9329439401626587,
      -0.003138036699965596
    ],
    [
      0.1246512308716774,
      0.9849103093147278,
      0.12005739659070969
    ],
    [
      -0.1246512308716774,
      -0.9849103093147278,
      -0.12005739659070969
    ],
    [
      0.40060487389564514,
      -0.9095538854598999,
      0.11057735234498978
    ],
    [
      -0.40060487389564514,
      0.9095538854598999,
      -0.11057735234498978
    ],
    [
      0.07459330558776855,
      -0.9972059726715088,
      -0.004013680852949619
    ],
    [
      -0.07459330558776855,
      0.9972059726715088,
      0.004013680852949619
    ],
    [
      -0.13678599894046783,
      0.990321695804596,
      -0.023504389449954033
    ],
    [
      0.13678599894046783,
      -0.990321695804596,
      0.023504389449954033
    ],
    [
      -0.10621354728937149,
      -0.9895926117897034,
      -0.09708279371261597
    ],
    [
      0.10621354728937149,
      0.9895926117897034,
      0.09708279371261597
    ],
    [
      -0.07072588801383972,
      -0.9945615530014038,
      -0.0764530748128891
    ],
    [
      0.07072588801383972,
      0.9945615530014038,
      0.0764530748128891
    ],
    [
      0.36000803112983704,
      -0.9329439401626587,
      0.003138036699965596
    ],
    [
      -0.36000803112983704,
      0.9329439401626587,
      -0.003138036699965596
    ],
    [
      0.1246512308716774,
      0.9849103093147278,
      0.12005739659070969
    ],
    [
      -0.1246512308716774,
      -0.9849103093147278,
      -0.12005739659070969
    ],
    [
      0.40060487389564514,
      -0.9095538854598999,
      0.11057735234498978
    ],
    [
      -0.40060487389564514,
      0.9095538854598999,
      -0.11057735234498978
    ],
    [
      0.07459330558776855,
      -0.9972059726715088,
      -0.004013680852949619
    ],
    [
      -0.07459330558776855,
      0.9972059726715088,
      0.004013680852949619
    ],
    [
      -0.13678599894046783,
      0.990321695804596,
      -0.023504389449954033
    ],
    [
      0.13678599894046783,
      -0.990321695804596,
      0.023504389449954033
    ],
    [
      -0.10621354728937149,
      -0.9895926117897034,
      -0.09708279371261597
    ],
    [
      0.10621354728937149,
      0.9895926117897034,
      0.09708279371261597
    ],
    [
      -0.07072588801383972,
      -0.9945615530014038,
      -0.0764530748128891
    ],
    [
      0.07072588801383972,
      0.9945615530014038,
      0.0764530748128891
    ],
    [
      0.36000803112983704,
      -0.9329439401626587,
      0.003138036699965596
    ],
    [
      -0.36000803112983704,
      0.9329439401626587,
      -0.003138036699965596
    ],
    [
      0.1246512308716774,
      0.9849103093147278,
      0.12005739659070969
    ],
    [
      -0.1246512308716774,
      -0.9849103093147278,
      -0.12005739659070969
    ],
    [
      0.40060487389564514,
      -0.9095538854598999,
      0.11057735234498978
    ],
    [
      -0.40060487389564514,
      0.9095538854598999,
      -0.11057735234498978
    ],
    [
      0.07459330558776855,
      -0.9972059726715088,
      -0.004013680852949619
    ],
    [
      -0.07459330558776855,
      0.9972059726715088,
      0.004013680852949619
    ],
    [
      -0.13678599894046783,
      0.990321695804596,
      -0.023504389449954033
    ],
    [
      0.13678599894046783,
      -0.990321695804596,
      0.023504389449954033
    ],
    [
      -0.10621354728937149,
      -0.9895926117897034,
      -0.09708279371261597
    ],
    [
      0.10621354728937149,
      0.9895926117897034,
      0.09708279371261597
    ],
    [
      -0.07072588801383972,
      -0.9945615530014038,
      -0.0764530748128891
    ],
    [
      0.07072588801383972,
      0.9945615530014038,
      0.0764530748128891
    ],
    [
      0.36000803112983704,
      -0.9329439401626587,
      0.003138036699965596
    ],
    [
      -0.36000803112983704,
      0.9329439401626587,
      -0.003138036699965596
    ],
    [
      0.1246512308716774,
      0.9849103093147278,
      0.12005739659070969
    ],
    [
      -0.1246512308716774,
      -0.9849103093147278,
      -0.12005739659070969
    ],
    [
      0.40060487389564514,
      -0.9095538854598999,
      0.11057735234498978
    ],
    [
      -0.40060487389564514,
      0.9095538854598999,
      -0.11057735234498978
    ],
    [
      0.07459330558776855,
      -0.9972059726715088,
      -0.004013680852949619
    ],
    [
      -0.07459330558776855,
      0.9972059726715088,
      0.004013680852949619
    ],
    [
      -0.13678599894046783,
      0.990321695804596,
      -0.023504389449954033
    ],
    [
      0.13678599894046783,
      -0.990321695804596,
      0.023504389449954033
    ],
    [
      -0.10621354728937149,
      -0.9895926117897034,
      -0.09708279371261597
    ],
    [
      0.10621354728937149,
      0.9895926117897034,
      0.09708279371261597
    ],
    [
      -0.07072588801383972,
      -0.9945615530014038,
      -0.0764530748128891
    ],
    [
      0.07072588801383972,
      0.9945615530014038,
      0.0764530748128891
    ]
  ],
  "gripper_opening": [
    0.05663827165961265,
    0.05663827165961265,
    0.06458262085914612,
    0.06458262085914612,
    0.05663827165961265,
    0.05663827165961265,
    0.05663827165961265,
    0.05663827165961265,
    0.05663827165961265,
    0.05663827165961265,
    0.06458262085914612,
    0.06458262085914612,
    0.05663827165961265,
    0.05663827165961265,
    0.05663827165961265,
    0.05663827165961265,
    0.06458262085914612,
    0.06458262085914612,
    0.05663827165961265,
    0.05663827165961265,
    0.05663827165961265,
    0.05663827165961265,
    0.05663827165961265,
    0.05663827165961265,
    0.06458262085914612,
    0.06458262085914612,
    0.05663827165961265,
    0.05663827165961265,
    0.05663827165961265,
    0.05663827165961265,
    0.06458262085914612,
    0.06458262085914612,
    0.05663827165961265,
    0.05663827165961265,
    0.05663827165961265,
    0.05663827165961265,
    0.05663827165961265,
    0.05663827165961265,
    0.06458262085914612,
    0.06458262085914612,
    0.05663827165961265,
    0.05663827165961265,
    0.05663827165961265,
    0.05663827165961265,
    0.06458262085914612,
    0.06458262085914612,
    0.05663827165961265,
    0.05663827165961265,
    0.05663827165961265,
    0.05663827165961265,
    0.05663827165961265,
    0.05663827165961265,
    0.06458262085914612,
    0.06458262085914612,
    0.05663827165961265,
    0.05663827165961265,
    0.05663827165961265,
    0.05663827165961265,
    0.06458262085914612,
    0.06458262085914612,
    0.05663827165961265,
    0.05663827165961265,
    0.05663827165961265,
    0.05663827165961265,
    0.05663827165961265,
    0.05663827165961265,
    0.06458262085914612,
    0.06458262085914612,
    0.05663827165961265,
    0.05663827165961265
  ],
  "score": [
    0.33260419964790344,
    0.33260419964790344,
    0.28738731145858765,
    0.28738731145858765,
    0.2552608549594879,
    0.2552608549594879,
    0.28202953934669495,
    0.28202953934669495,
    0.26912936568260193,
    0.26912936568260193,
    0.25753700733184814,
    0.25753700733184814,
    0.23713824152946472,
    0.23713824152946472,
    0.33260419964790344,
    0.33260419964790344,
    0.28738731145858765,
    0.28738731145858765,
    0.2552608549594879,
    0.2552608549594879,
    0.28202953934669495,
    0.28202953934669495,
    0.26912936568260193,
    0.26912936568260193,
    0.25753700733184814,
    0.25753700733184814,
    0.23713824152946472,
    0.23713824152946472,
    0.33260419964790344,
    0.33260419964790344,
    0.28738731145858765,
    0.28738731145858765,
    0.2552608549594879,
    0.2552608549594879,
    0.28202953934669495,
    0.28202953934669495,
    0.26912936568260193,
    0.26912936568260193,
    0.25753700733184814,
    0.25753700733184814,
    0.23713824152946472,
    0.23713824152946472,
    0.33260419964790344,
    0.33260419964790344,
    0.28738731145858765,
    0.28738731145858765,
    0.2552608549594879,
    0.2552608549594879,
    0.28202953934669495,
    0.28202953934669495,
    0.26912936568260193,
    0.26912936568260193,
    0.25753700733184814,
    0.25753700733184814,
    0.23713824152946472,
    0.23713824152946472,
    0.33260419964790344,
    0.33260419964790344,
    0.28738731145858765,
    0.28738731145858765,
    0.2552608549594879,
    0.2552608549594879,
    0.28202953934669495,
    0.28202953934669495,
    0.26912936568260193,
    0.26912936568260193,
    0.25753700733184814,
    0.25753700733184814,
    0.23713824152946472,
    0.23713824152946472
  ],
  "object_id": [
    0,
    0,
    0,
    0,
    0,
    0,
    0,
    0,
    0,
    0,
    0,
    0,
    0,
    0,
    0,
    0,
    0,
    0,
    0,
    0,
    0,
    0,
    0,
    0,
    0,
    0,
    0,
    0,
    0,
    0,
    0,
    0,
    0,
    0,
    0,
    0,
    0,
    0,
    0,
    0,
    0,
    0,
    0,
    0,
    0,
    0,
    0,
    0,
    0,
    0,
    0,
    0,
    0,
    0,
    0,
    0,
    0,
    0,
    0,
    0,
    0,
    0,
    0,
    0,
    0,
    0,
    0,
    0,
    0,
    0
  ],
  "source_index": [
    1,
    1,
    10,
    10,
    34,
    34,
    35,
    35,
    42,
    42,
    58,
    58,
    59,
    59,
    2049,
    2049,
    2058,
    2058,
    2082,
    2082,
    2083,
    2083,
    2090,
    2090,
    2106,
    2106,
    2107,
    2107,
    4097,
    4097,
    4106,
    4106,
    4130,
    4130,
    4131,
    4131,
    4138,
    4138,
    4154,
    4154,
    4155,
    4155,
    6145,
    6145,
    6154,
    6154,
    6178,
    6178,
    6179,
    6179,
    6186,
    6186,
    6202,
    6202,
    6203,
    6203,
    8193,
    8193,
    8202,
    8202,
    8226,
    8226,
    8227,
    8227,
    8234,
    8234,
    8250,
    8250,
    8251,
    8251
  ],
  "selection_index": [
    1,
    1,
    2,
    2,
    7,
    7,
    8,
    8,
    9,
    9,
    10,
    10,
    11,
    11,
    12,
    12,
    13,
    13,
    18,
    18,
    19,
    19,
    20,
    20,
    21,
    21,
    22,
    22,
    828,
    828,
    829,
    829,
    834,
    834,
    835,
    835,
    836,
    836,
    837,
    837,
    838,
    838,
    839,
    839,
    840,
    840,
    845,
    845,
    846,
    846,
    847,
    847,
    848,
    848,
    849,
    849,
    850,
    850,
    851,
    851,
    856,
    856,
    857,
    857,
    858,
    858,
    859,
    859,
    860,
    860
  ],
  "segment_key": [
    1,
    1,
    1,
    1,
    1,
    1,
    1,
    1,
    1,
    1,
    1,
    1,
    1,
    1,
    1,
    1,
    1,
    1,
    1,
    1,
    1,
    1,
    1,
    1,
    1,
    1,
    1,
    1,
    1,
    1,
    1,
    1,
    1,
    1,
    1,
    1,
    1,
    1,
    1,
    1,
    1,
    1,
    1,
    1,
    1,
    1,
    1,
    1,
    1,
    1,
    1,
    1,
    1,
    1,
    1,
    1,
    1,
    1,
    1,
    1,
    1,
    1,
    1,
    1,
    1,
    1,
    1,
    1,
    1,
    1
  ],
  "symmetry_variant": [
    0,
    1,
    0,
    1,
    0,
    1,
    0,
    1,
    0,
    1,
    0,
    1,
    0,
    1,
    0,
    1,
    0,
    1,
    0,
    1,
    0,
    1,
    0,
    1,
    0,
    1,
    0,
    1,
    0,
    1,
    0,
    1,
    0,
    1,
    0,
    1,
    0,
    1,
    0,
    1,
    0,
    1,
    0,
    1,
    0,
    1,
    0,
    1,
    0,
    1,
    0,
    1,
    0,
    1,
    0,
    1,
    0,
    1,
    0,
    1,
    0,
    1,
    0,
    1,
    0,
    1,
    0,
    1,
    0,
    1
  ],
  "offset_bin_value": [
    0.051638271659612656,
    0.051638271659612656,
    0.05958262085914612,
    0.05958262085914612,
    0.051638271659612656,
    0.051638271659612656,
    0.051638271659612656,
    0.051638271659612656,
    0.051638271659612656,
    0.051638271659612656,
    0.05958262085914612,
    0.05958262085914612,
    0.051638271659612656,
    0.051638271659612656,
    0.051638271659612656,
    0.051638271659612656,
    0.05958262085914612,
    0.05958262085914612,
    0.051638271659612656,
    0.051638271659612656,
    0.051638271659612656,
    0.051638271659612656,
    0.051638271659612656,
    0.051638271659612656,
    0.05958262085914612,
    0.05958262085914612,
    0.051638271659612656,
    0.051638271659612656,
    0.051638271659612656,
    0.051638271659612656,
    0.05958262085914612,
    0.05958262085914612,
    0.051638271659612656,
    0.051638271659612656,
    0.051638271659612656,
    0.051638271659612656,
    0.051638271659612656,
    0.051638271659612656,
    0.05958262085914612,
    0.05958262085914612,
    0.051638271659612656,
    0.051638271659612656,
    0.051638271659612656,
    0.051638271659612656,
    0.05958262085914612,
    0.05958262085914612,
    0.051638271659612656,
    0.051638271659612656,
    0.051638271659612656,
    0.051638271659612656,
    0.051638271659612656,
    0.051638271659612656,
    0.05958262085914612,
    0.05958262085914612,
    0.051638271659612656,
    0.051638271659612656,
    0.051638271659612656,
    0.051638271659612656,
    0.05958262085914612,
    0.05958262085914612,
    0.051638271659612656,
    0.051638271659612656,
    0.051638271659612656,
    0.051638271659612656,
    0.051638271659612656,
    0.051638271659612656,
    0.05958262085914612,
    0.05958262085914612,
    0.051638271659612656,
    0.051638271659612656
  ],
  "offset_bin_index": [
    6,
    6,
    7,
    7,
    6,
    6,
    6,
    6,
    6,
    6,
    7,
    7,
    6,
    6,
    6,
    6,
    7,
    7,
    6,
    6,
    6,
    6,
    6,
    6,
    7,
    7,
    6,
    6,
    6,
    6,
    7,
    7,
    6,
    6,
    6,
    6,
    6,
    6,
    7,
    7,
    6,
    6,
    6,
    6,
    7,
    7,
    6,
    6,
    6,
    6,
    6,
    6,
    7,
    7,
    6,
    6,
    6,
    6,
    7,
    7,
    6,
    6,
    6,
    6,
    6,
    6,
    7,
    7,
    6,
    6
  ],
  "built_pose_world_torc": [
    [
      [
        0.8917885422706604,
        0.36000803112983704,
        0.2740572988986969,
        0.7314086020678282
      ],
      [
        0.3451109826564789,
        -0.9329439401626587,
        0.10253792256116867,
        0.23635875982753932
      ],
      [
        0.2925945818424225,
        0.003138036699965596,
        -0.956231415271759,
        1.1538153519690038
      ],
      [
        0.0,
        0.0,
        0.0,
        1.0
      ]
    ],
    [
      [
        -0.8917885422706604,
        -0.36000803112983704,
        0.2740572988986969,
        0.7314086020678282
      ],
      [
        -0.3451109826564789,
        0.9329439401626587,
        0.10253792256116867,
        0.23635875982753932
      ],
      [
        -0.2925945818424225,
        -0.003138036699965596,
        -0.956231415271759,
        1.1538153519690038
      ],
      [
        0.0,
        0.0,
        0.0,
        1.0
      ]
    ],
    [
      [
        -0.9119020104408264,
        0.1246512308716774,
        0.3910202383995056,
        0.7137330607265234
      ],
      [
        0.16140727698802948,
        0.9849103093147278,
        0.06244519352912903,
        0.2539339381229132
      ],
      [
        -0.3773359954357147,
        0.12005739659070969,
        -0.9182612895965576,
        1.1533848797738553
      ],
      [
        0.0,
        0.0,
        0.0,
        1.0
      ]
    ],
    [
      [
        0.9119020104408264,
        -0.1246512308716774,
        0.3910202383995056,
        0.7137330607265234
      ],
      [
        -0.16140727698802948,
        -0.9849103093147278,
        0.06244519352912903,
        0.2539339381229132
      ],
      [
        0.3773359954357147,
        -0.12005739659070969,
        -0.9182612895965576,
        1.1533848797738553
      ],
      [
        0.0,
        0.0,
        0.0,
        1.0
      ]
    ],
    [
      [
        0.8916814923286438,
        0.40060487389564514,
        0.21075989305973053,
        0.7390017271727324
      ],
      [
        0.41477343440055847,
        -0.9095538854598999,
        -0.0259731262922287,
        0.21025072773508727
      ],
      [
        0.18129251897335052,
        0.11057735234498978,
        -0.9771926999092102,
        1.1787567144095898
      ],
      [
        0.0,
        0.0,
        0.0,
        1.0
      ]
    ],
    [
      [
        -0.8916814923286438,
        -0.40060487389564514,
        0.21075989305973053,
        0.7390017271727324
      ],
      [
        -0.41477343440055847,
        0.9095538854598999,
        -0.0259731262922287,
        0.21025072773508727
      ],
      [
        -0.18129251897335052,
        -0.11057735234498978,
        -0.9771926999092102,
        1.1787567144095898
      ],
      [
        0.0,
        0.0,
        0.0,
        1.0
      ]
    ],
    [
      [
        0.8894044756889343,
        0.07459330558776855,
        0.45099395513534546,
        0.7257441715091467
      ],
      [
        0.0647081509232521,
        -0.9972059726715088,
        0.03732459992170334,
        0.2414426336955279
      ],
      [
        0.4525180459022522,
        -0.004013680852949619,
        -0.8917462229728699,
        1.1469629263341428
      ],
      [
        0.0,
        0.0,
        0.0,
        1.0
      ]
    ],
    [
      [
        -0.8894044756889343,
        -0.07459330558776855,
        0.45099395513534546,
        0.7257441715091467
      ],
      [
        -0.0647081509232521,
        0.9972059726715088,
        0.03732459992170334,
        0.2414426336955279
      ],
      [
        -0.4525180459022522,
        0.004013680852949619,
        -0.8917462229728699,
        1.1469629263341428
      ],
      [
        0.0,
        0.0,
        0.0,
        1.0
      ]
    ],
    [
      [
        -0.9216725826263428,
        -0.13678599894046783,
        0.3630553185939789,
        0.729379399189353
      ],
      [
        -0.1359284222126007,
        0.990321695804596,
        0.02804156392812729,
        0.25371875417940315
      ],
      [
        -0.36337724328041077,
        -0.023504389449954033,
        -0.931345522403717,
        1.150554255193472
      ],
      [
        0.0,
        0.0,
        0.0,
        1.0
      ]
    ],
    [
      [
        0.9216725826263428,
        0.13678599894046783,
        0.3630553185939789,
        0.729379399189353
      ],
      [
        0.1359284222126007,
        -0.990321695804596,
        0.02804156392812729,
        0.25371875417940315
      ],
      [
        0.36337724328041077,
        0.023504389449954033,
        -0.931345522403717,
        1.150554255193472
      ],
      [
        0.0,
        0.0,
        0.0,
        1.0
      ]
    ],
    [
      [
        0.9270696640014648,
        -0.10621354728937149,
        0.35952794551849365,
        0.7501115635722876
      ],
      [
        -0.1338566392660141,
        -0.9895926117897034,
        0.0528089664876461,
        0.23610728038065135
      ],
      [
        0.35017716884613037,
        -0.09708279371261597,
        -0.931638777256012,
        1.1482992177665234
      ],
      [
        0.0,
        0.0,
        0.0,
        1.0
      ]
    ],
    [
      [
        -0.9270696640014648,
        0.10621354728937149,
        0.35952794551849365,
        0.7501115635722876
      ],
      [
        0.1338566392660141,
        0.9895926117897034,
        0.0528089664876461,
        0.23610728038065135
      ],
      [
        -0.35017716884613037,
        0.09708279371261597,
        -0.931638777256012,
        1.1482992177665234
      ],
      [
        0.0,
        0.0,
        0.0,
        1.0
      ]
    ],
    [
      [
        0.8990620970726013,
        -0.07072588801383972,
        0.43207088112831116,
        0.7239487976521254
      ],
      [
        -0.09675829857587814,
        -0.9945615530014038,
        0.038536421954631805,
        0.24138560322634875
      ],
      [
        0.42699557542800903,
        -0.0764530748128891,
        -0.9010159373283386,
        1.166051067954302
      ],
      [
        0.0,
        0.0,
        0.0,
        1.0
      ]
    ],
    [
      [
        -0.8990620970726013,
        0.07072588801383972,
        0.43207088112831116,
        0.7239487976521254
      ],
      [
        0.09675829857587814,
        0.9945615530014038,
        0.038536421954631805,
        0.24138560322634875
      ],
      [
        -0.42699557542800903,
        0.0764530748128891,
        -0.9010159373283386,
        1.166051067954302
      ],
      [
        0.0,
        0.0,
        0.0,
        1.0
      ]
    ],
    [
      [
        0.8917885422706604,
        0.36000803112983704,
        0.2740572988986969,
        0.7314086020678282
      ],
      [
        0.3451109826564789,
        -0.9329439401626587,
        0.10253792256116867,
        0.23635875982753932
      ],
      [
        0.2925945818424225,
        0.003138036699965596,
        -0.956231415271759,
        1.1538153519690038
      ],
      [
        0.0,
        0.0,
        0.0,
        1.0
      ]
    ],
    [
      [
        -0.8917885422706604,
        -0.36000803112983704,
        0.2740572988986969,
        0.7314086020678282
      ],
      [
        -0.3451109826564789,
        0.9329439401626587,
        0.10253792256116867,
        0.23635875982753932
      ],
      [
        -0.2925945818424225,
        -0.003138036699965596,
        -0.956231415271759,
        1.1538153519690038
      ],
      [
        0.0,
        0.0,
        0.0,
        1.0
      ]
    ],
    [
      [
        -0.9119020104408264,
        0.1246512308716774,
        0.3910202383995056,
        0.7137330607265234
      ],
      [
        0.16140727698802948,
        0.9849103093147278,
        0.06244519352912903,
        0.2539339381229132
      ],
      [
        -0.3773359954357147,
        0.12005739659070969,
        -0.9182612895965576,
        1.1533848797738553
      ],
      [
        0.0,
        0.0,
        0.0,
        1.0
      ]
    ],
    [
      [
        0.9119020104408264,
        -0.1246512308716774,
        0.3910202383995056,
        0.7137330607265234
      ],
      [
        -0.16140727698802948,
        -0.9849103093147278,
        0.06244519352912903,
        0.2539339381229132
      ],
      [
        0.3773359954357147,
        -0.12005739659070969,
        -0.9182612895965576,
        1.1533848797738553
      ],
      [
        0.0,
        0.0,
        0.0,
        1.0
      ]
    ],
    [
      [
        0.8916814923286438,
        0.40060487389564514,
        0.21075989305973053,
        0.7390017271727324
      ],
      [
        0.41477343440055847,
        -0.9095538854598999,
        -0.0259731262922287,
        0.21025072773508727
      ],
      [
        0.18129251897335052,
        0.11057735234498978,
        -0.9771926999092102,
        1.1787567144095898
      ],
      [
        0.0,
        0.0,
        0.0,
        1.0
      ]
    ],
    [
      [
        -0.8916814923286438,
        -0.40060487389564514,
        0.21075989305973053,
        0.7390017271727324
      ],
      [
        -0.41477343440055847,
        0.9095538854598999,
        -0.0259731262922287,
        0.21025072773508727
      ],
      [
        -0.18129251897335052,
        -0.11057735234498978,
        -0.9771926999092102,
        1.1787567144095898
      ],
      [
        0.0,
        0.0,
        0.0,
        1.0
      ]
    ],
    [
      [
        0.8894044756889343,
        0.07459330558776855,
        0.45099395513534546,
        0.7257441715091467
      ],
      [
        0.0647081509232521,
        -0.9972059726715088,
        0.03732459992170334,
        0.2414426336955279
      ],
      [
        0.4525180459022522,
        -0.004013680852949619,
        -0.8917462229728699,
        1.1469629263341428
      ],
      [
        0.0,
        0.0,
        0.0,
        1.0
      ]
    ],
    [
      [
        -0.8894044756889343,
        -0.07459330558776855,
        0.45099395513534546,
        0.7257441715091467
      ],
      [
        -0.0647081509232521,
        0.9972059726715088,
        0.03732459992170334,
        0.2414426336955279
      ],
      [
        -0.4525180459022522,
        0.004013680852949619,
        -0.8917462229728699,
        1.1469629263341428
      ],
      [
        0.0,
        0.0,
        0.0,
        1.0
      ]
    ],
    [
      [
        -0.9216725826263428,
        -0.13678599894046783,
        0.3630553185939789,
        0.729379399189353
      ],
      [
        -0.1359284222126007,
        0.990321695804596,
        0.02804156392812729,
        0.25371875417940315
      ],
      [
        -0.36337724328041077,
        -0.023504389449954033,
        -0.931345522403717,
